service_id,monday,tuesday,wednesday,thursday,friday,saturday,sunday,start_date,end_date
1000_410614,1,1,1,1,1,1,1,20260312,20260613
1001_410615,1,1,1,1,1,1,1,20260614,20261212
1002_410616,1,1,1,1,1,1,1,20260312,20260613
1003_410617,1,1,1,1,1,1,1,20260614,20261212
100_409172,1,1,1,1,1,1,1,20260516,20260613
1004_410618,1,1,1,1,1,1,1,20260413,20260417
1005_410620,1,1,1,1,1,1,1,20260312,20261212
1006_410621,1,1,1,1,1,1,1,20260413,20260417
1007_410622,1,1,1,1,1,1,1,20260312,20261212
1008_410623,1,1,1,1,1,1,1,20260413,20260417
1009_410624,1,1,1,1,1,1,1,20260312,20261212
1010_410625,1,1,1,1,1,1,1,20260413,20260416
1011_410627,1,1,1,1,1,1,1,20260312,20261212
1012_410628,0,0,0,0,0,1,1,20260312,20261212
1013_410630,1,1,1,1,1,0,0,20260312,20260612
101_409173,1,1,1,1,1,1,1,20260614,20261212
1014_410631,1,1,1,1,1,0,0,20260615,20261211
1015_410632,1,1,1,1,1,1,1,20260413,20260416
1016_410634,1,1,1,1,1,1,1,20260312,20261212
1017_410635,1,1,1,1,1,0,0,20260312,20261211
1018_410637,0,0,0,0,0,1,1,20260312,20260613
1019_410638,0,0,0,0,0,1,1,20260614,20261212
1020_410639,1,1,1,1,1,1,1,20260312,20261212
1021_410640,1,1,1,1,1,1,1,20260413,20260416
1022_410642,1,1,1,1,1,1,1,20260312,20261212
1023_410643,1,1,1,1,1,1,1,20260312,20261212
102_409176,1,1,1,1,1,1,1,20260312,20260425
1024_410645,1,1,1,1,1,1,1,20260312,20260613
1025_410646,1,1,1,1,1,1,1,20260614,20261212
1026_410647,1,1,1,1,1,1,1,20260312,20260613
1027_410648,1,1,1,1,1,1,1,20260614,20261212
1028_410649,1,1,1,1,1,1,1,20260312,20260613
1029_410650,1,1,1,1,1,1,1,20260614,20261212
1030_410652,1,1,1,1,1,0,0,20260312,20260612
1031_410653,1,1,1,1,1,0,0,20260615,20261211
1032_410654,0,0,0,0,0,1,1,20260312,20261212
1033_410656,0,0,0,0,0,1,1,20260312,20260613
103_409177,1,1,1,1,1,1,1,20260426,20260515
1034_410657,0,0,0,0,0,1,1,20260614,20261212
1035_410658,1,1,1,1,1,0,0,20260312,20261211
1036_410659,1,1,1,1,1,1,1,20260413,20260416
1037_410660,1,1,1,1,1,1,1,20260312,20260613
1038_410661,1,1,1,1,1,1,1,20260312,20261212
1039_410662,1,1,1,1,1,1,1,20260414,20260417
1040_410663,1,1,1,1,1,1,1,20260413,20260417
10_409049,1,1,1,1,1,1,1,20260614,20261212
1041_410664,1,1,1,1,1,1,1,20260413,20260417
1042_410665,1,1,1,1,1,1,1,20260413,20260417
1043_410667,1,1,1,1,1,1,1,20260312,20260613
104_409178,1,1,1,1,1,1,1,20260516,20260613
1044_410668,1,1,1,1,1,1,1,20260614,20261212
1045_410669,1,1,1,1,1,0,0,20260312,20261211
1046_410670,1,1,1,1,1,1,1,20260413,20260416
1047_410671,1,1,1,1,1,1,1,20260413,20260416
1048_410672,1,1,1,1,1,1,1,20260413,20260416
1049_410673,1,1,1,1,1,0,0,20260615,20261211
1050_410674,1,1,1,1,1,0,0,20260312,20260612
1051_410675,1,1,1,1,1,0,0,20260615,20261211
1052_410679,1,1,1,1,1,1,1,20260314,20260315
1053_410680,0,0,0,0,0,1,1,20260321,20260613
105_409179,1,1,1,1,1,1,1,20260614,20261212
1054_410681,0,0,0,0,0,1,1,20260614,20261212
1055_410682,1,1,1,1,1,0,0,20260615,20261211
1056_410684,1,1,1,1,1,0,0,20260312,20260612
1057_410685,1,1,1,1,1,1,1,20260614,20261212
1058_410687,1,1,1,1,1,1,1,20260312,20260613
1059_410688,1,1,1,1,1,1,1,20260314,20260315
1060_410689,1,1,1,1,1,0,0,20260615,20261211
1061_410692,1,1,1,1,1,1,1,20260312,20260613
1062_410693,1,1,1,1,1,1,1,20260614,20261212
1063_410697,1,1,1,1,1,0,0,20260312,20260612
106_409181,0,0,0,0,0,1,1,20260312,20260425
1064_410698,1,1,1,1,1,0,0,20260615,20261211
1065_410700,1,1,1,1,1,0,0,20260312,20260612
1066_410701,1,1,1,1,1,1,1,20260312,20260613
1067_410702,1,1,1,1,1,1,1,20260314,20260315
1068_410704,1,1,1,1,1,1,1,20260614,20261212
1069_410705,1,1,1,1,1,1,1,20260312,20261212
1070_410707,1,1,1,1,1,1,1,20260312,20260613
1071_410708,1,1,1,1,1,1,1,20260314,20260315
1072_410709,1,1,1,1,1,1,1,20260614,20261212
1073_410710,1,1,1,1,1,0,0,20260312,20260612
107_409182,0,0,0,0,1,1,1,20260426,20260510
1074_410713,0,0,0,0,0,1,1,20260312,20260613
1075_410714,0,0,0,0,0,1,1,20260614,20261024
1076_410715,0,0,0,0,0,1,1,20261025,20261212
1077_410717,0,0,0,0,0,1,1,20260312,20260613
1078_410718,0,0,0,0,0,1,1,20260614,20261212
1079_410721,1,1,1,1,1,1,1,20260312,20260613
1080_410722,1,1,1,1,1,1,1,20260614,20261212
1081_410725,1,1,1,1,1,1,1,20260312,20260613
1082_410726,1,1,1,1,1,1,1,20260614,20261212
1083_410727,1,1,1,1,1,1,1,20260614,20261212
108_409183,1,1,1,1,1,1,1,20260516,20260613
1084_410728,1,1,1,1,1,1,1,20260614,20261212
1085_410729,1,1,1,1,1,1,1,20260614,20261212
1086_410730,1,1,1,1,1,1,1,20260614,20261212
1087_410731,1,1,1,1,1,1,1,20260614,20261212
1088_410735,1,1,1,1,1,1,1,20260312,20260613
1089_410736,1,1,1,1,1,1,1,20260614,20261212
1090_410738,1,1,1,1,1,1,1,20260312,20260417
1091_410739,1,1,1,1,1,1,1,20260418,20260515
1092_410740,1,1,1,1,1,1,1,20260516,20260613
1093_410741,1,1,1,1,1,1,1,20260614,20261212
109_409184,1,1,1,1,1,1,1,20260614,20261028
1094_410742,1,1,1,1,1,1,1,20260614,20261212
1095_410744,1,1,1,1,1,0,0,20260312,20260612
1096_410745,1,1,1,1,1,0,0,20260615,20261023
1097_410746,1,1,1,1,1,0,0,20261026,20261211
1098_410748,1,1,1,1,1,0,0,20260312,20260612
1099_410749,1,1,1,1,1,0,0,20260615,20261023
1100_410750,1,1,1,1,1,0,0,20261026,20261211
1101_410752,0,0,0,0,0,1,1,20260312,20260613
1102_410753,0,0,0,0,0,1,1,20260614,20261024
1103_410754,0,0,0,0,0,1,1,20261025,20261212
110_409187,0,0,0,0,0,1,1,20260312,20260425
1104_410756,1,1,1,1,1,1,1,20260312,20260613
1105_410757,1,1,1,1,1,1,1,20260614,20261212
1106_410759,1,1,1,1,1,0,0,20260312,20260612
1107_410760,1,1,1,1,1,0,0,20260615,20261211
1108_410764,0,0,0,0,0,1,1,20260312,20260613
1109_410765,1,1,1,1,1,0,0,20260312,20260612
1110_410766,0,0,0,0,0,1,1,20260614,20261212
1111_410767,1,1,1,1,1,0,0,20260615,20261211
1112_410769,1,1,1,1,1,1,1,20260312,20260613
1113_410770,1,1,1,1,1,1,1,20260614,20261212
111_409188,0,0,0,0,1,1,1,20260426,20260510
1114_410772,1,1,1,1,1,1,1,20260312,20260613
1115_410773,1,1,1,1,1,1,1,20260614,20261212
1116_410778,1,1,1,1,1,1,1,20260312,20260613
1117_410779,1,1,1,1,1,1,1,20260509,20260510
1118_410780,1,1,1,1,1,1,1,20260614,20261212
1119_410781,0,0,0,0,0,1,0,20260620,20260829
1120_410785,1,1,1,1,1,1,1,20260312,20260613
1121_410786,1,1,1,1,1,1,1,20260614,20261212
1122_410789,1,1,1,1,1,1,1,20260312,20260515
1123_410790,1,1,1,1,1,1,1,20260516,20260613
112_409189,1,1,1,1,1,1,1,20260516,20260613
1124_410791,1,1,1,1,1,1,1,20260614,20261212
1125_410793,1,1,1,1,1,1,1,20260312,20260406
1126_410794,1,1,1,1,1,1,1,20260407,20260418
1127_410795,1,1,1,1,1,1,1,20260419,20260613
1128_410796,1,1,1,1,1,1,1,20260614,20261212
1129_410798,0,0,0,0,0,1,1,20260312,20260406
1130_410799,1,1,1,1,1,1,1,20260411,20260412
1131_410800,0,0,0,0,0,1,1,20260418,20260613
1132_410801,0,0,0,0,0,1,1,20260614,20261212
1133_410804,1,1,1,1,1,1,1,20260312,20260613
113_409190,1,1,1,1,1,1,1,20260614,20261028
1134_410805,1,1,1,1,1,1,1,20260614,20261212
1135_410808,1,1,1,1,1,1,1,20260312,20260406
1136_410809,1,1,1,1,1,1,1,20260407,20260417
1137_410810,1,1,1,1,1,1,1,20260418,20260503
1138_410811,1,1,1,1,1,1,1,20260504,20260514
1139_410812,1,1,1,1,1,1,1,20260515,20260613
1140_410813,1,1,1,1,1,1,1,20260518,20260520
11_409050,1,1,1,1,1,1,1,20260312,20260613
1141_410814,1,1,1,1,1,1,1,20260614,20261212
1142_410818,1,1,1,1,1,1,1,20260312,20260406
1143_410819,1,1,1,1,1,1,1,20260407,20260417
114_409192,1,1,1,1,1,1,1,20260418,20260418
1144_410820,1,1,1,1,1,1,1,20260418,20260613
1145_410821,1,1,1,1,1,1,1,20260614,20261212
1146_410826,0,0,0,0,0,1,1,20260312,20260406
1147_410827,1,1,1,1,1,0,0,20260312,20260403
1148_410828,1,1,1,1,1,0,0,20260407,20260417
1149_410829,1,1,1,1,1,1,1,20260411,20260412
1150_410830,0,0,0,0,0,1,1,20260418,20260613
1151_410831,1,1,1,1,1,0,0,20260420,20260612
1152_410832,0,0,0,0,0,1,1,20260614,20261212
1153_410833,1,1,1,1,1,0,0,20260615,20261211
115_409193,1,1,1,1,1,1,1,20260516,20260516
1154_410835,1,1,1,1,1,1,1,20260312,20260613
1155_410836,1,1,1,1,1,1,1,20260614,20261212
1156_410844,1,1,1,1,1,1,1,20260312,20260613
1157_410845,1,1,1,1,1,1,1,20260614,20261212
1158_410846,1,1,1,1,1,1,1,20260614,20261212
1159_410847,0,0,0,0,0,1,1,20260614,20261212
1160_410848,1,1,1,1,1,0,0,20260615,20261211
1161_410849,1,1,1,1,1,1,1,20260613,20260613
1162_410850,1,1,1,1,1,1,1,20260614,20261212
1163_410852,1,1,1,1,1,1,1,20260312,20260613
116_409194,1,1,1,1,1,1,1,20260606,20260606
1164_410853,1,1,1,1,1,1,1,20260614,20261212
1165_410855,1,1,1,1,1,1,1,20260312,20260613
1166_410856,1,1,1,1,1,1,1,20260614,20261212
1167_410857,0,0,0,0,0,1,1,20260418,20260613
1168_410858,0,0,0,0,0,1,1,20260614,20260927
1169_410860,1,1,1,1,1,1,1,20260312,20260613
1170_410861,1,1,1,1,1,1,1,20260614,20261212
1171_410864,0,0,0,0,0,1,1,20260312,20260613
1172_410865,1,1,1,1,1,0,0,20260312,20260612
1173_410866,0,0,0,0,0,1,1,20260614,20261212
117_409196,1,1,1,1,1,1,1,20260418,20260418
1174_410867,1,1,1,1,1,0,0,20260615,20261211
1175_410869,1,1,1,1,1,1,1,20260312,20260613
1176_410870,1,1,1,1,1,1,1,20260614,20261212
1177_410874,0,0,0,0,0,1,1,20260312,20260613
1178_410875,1,1,1,1,1,0,0,20260312,20260612
1179_410876,0,0,0,0,0,1,1,20260614,20261212
1180_410877,1,1,1,1,1,0,0,20260615,20261211
1181_410881,1,1,1,1,1,0,0,20260312,20260612
1182_410882,1,1,1,1,1,0,0,20260615,20261211
1183_410884,0,0,0,0,0,1,1,20260312,20260613
118_409197,1,1,1,1,1,1,1,20260516,20260516
1184_410885,0,0,0,0,0,1,1,20260614,20261212
1185_410886,0,0,0,0,0,1,0,20260620,20260829
1186_410895,0,0,0,0,0,1,1,20260312,20260406
1187_410896,0,0,0,0,0,1,1,20260411,20260426
1188_410897,0,0,0,0,0,1,1,20260501,20260613
1189_410898,0,0,0,0,0,1,1,20260614,20261212
1190_410902,0,0,0,0,0,1,1,20260312,20260406
1191_410903,0,0,0,0,0,1,1,20260411,20260426
1192_410904,0,0,0,0,0,1,1,20260501,20260613
1193_410905,0,0,0,0,0,1,1,20260614,20261212
119_409198,1,1,1,1,1,1,1,20260606,20260606
1194_410908,0,0,0,0,0,1,1,20260312,20260613
1195_410909,1,1,1,1,1,0,0,20260312,20260612
1196_410910,0,0,0,0,0,1,1,20260614,20261212
1197_410911,1,1,1,1,1,0,0,20260615,20261211
1198_410914,0,0,0,0,0,1,1,20260312,20260406
1199_410915,0,0,0,0,0,1,1,20260411,20260613
1200_410916,0,0,0,0,0,1,1,20260614,20261212
1201_410918,1,1,1,1,1,0,0,20260312,20260612
1202_410919,1,1,1,1,1,0,0,20260615,20261211
1203_410922,1,1,1,1,1,1,1,20260312,20260406
120_409199,1,1,1,1,1,1,1,20260606,20260606
1204_410923,1,1,1,1,1,1,1,20260407,20260430
1205_410924,0,0,0,0,0,1,1,20260501,20260613
1206_410925,1,1,1,1,1,0,0,20260504,20260527
1207_410926,1,1,1,1,1,1,1,20260612,20260612
1208_410927,1,1,1,1,1,1,1,20260614,20261212
1209_410934,0,0,0,0,0,1,1,20260312,20260613
1210_410935,0,0,0,0,0,1,1,20260614,20261212
1211_410938,1,1,1,1,1,0,0,20260312,20260612
1212_410939,1,1,1,1,1,0,0,20260615,20261211
1213_410944,1,1,1,1,1,1,1,20260312,20260613
121_409200,1,1,1,1,1,1,1,20260312,20260417
1214_410945,1,1,1,1,1,1,1,20260614,20261212
1215_410950,0,0,0,0,0,1,1,20260312,20260406
1216_410951,0,0,0,0,0,1,1,20260411,20260426
1217_410952,0,0,0,0,0,1,1,20260501,20260613
1218_410953,0,0,0,0,0,1,1,20260614,20261212
1219_410956,0,0,0,0,0,1,1,20260312,20260613
1220_410957,1,1,1,1,1,0,0,20260312,20260612
1221_410958,0,0,0,0,0,1,1,20260614,20261212
1222_410959,1,1,1,1,1,0,0,20260615,20261211
1223_410964,0,0,0,0,0,1,1,20260312,20260406
122_409201,1,1,1,1,1,1,1,20260418,20260613
1224_410965,0,0,0,0,0,1,1,20260411,20260613
1225_410966,0,0,0,0,0,1,1,20260614,20261212
1226_410971,1,1,1,1,1,0,0,20260312,20260319
1227_410972,1,1,1,1,1,0,0,20260320,20260511
1228_410973,1,1,1,1,1,0,0,20260512,20260526
1229_410974,1,1,1,1,1,0,0,20260527,20261211
1230_410976,1,1,1,1,1,0,0,20260312,20260612
1231_410977,1,1,1,1,1,0,0,20260615,20261211
1232_410982,0,0,0,0,0,1,1,20260312,20260406
1233_410983,0,0,0,0,0,1,1,20260411,20260613
123_409202,1,1,1,1,1,1,1,20260312,20261212
1234_410984,0,0,0,0,0,1,1,20260614,20261212
1235_410986,1,1,1,1,1,0,0,20260312,20260612
1236_410987,1,1,1,1,1,0,0,20260615,20261211
1237_410989,0,0,0,0,0,1,1,20260312,20260613
1238_410990,0,0,0,0,0,1,1,20260614,20261212
1239_410995,1,1,1,1,1,1,1,20260312,20260406
1240_410996,1,1,1,1,1,1,1,20260407,20260613
12_409051,1,1,1,1,1,1,1,20260614,20261212
1241_410997,1,1,1,1,1,1,1,20260614,20261212
1242_410999,1,1,1,1,1,1,1,20260312,20260613
1243_411000,1,1,1,1,1,1,1,20260614,20261212
124_409203,1,1,1,1,1,1,1,20260312,20261212
1244_411002,1,1,1,1,1,1,1,20260312,20260613
1245_411003,1,1,1,1,1,1,1,20260614,20261212
1246_411006,0,0,0,0,0,1,1,20260312,20260613
1247_411007,1,1,1,1,1,0,0,20260312,20260612
1248_411008,0,0,0,0,0,1,1,20260614,20261212
1249_411009,1,1,1,1,1,0,0,20260615,20261211
1250_411012,0,0,0,0,0,1,1,20260312,20260613
1251_411013,1,1,1,1,1,0,0,20260312,20260612
1252_411014,0,0,0,0,0,1,1,20260614,20261212
1253_411015,1,1,1,1,1,0,0,20260615,20261211
125_409204,1,1,1,1,1,1,1,20260312,20261212
1254_411017,1,1,1,1,1,1,1,20260312,20260613
1255_411018,1,1,1,1,1,1,1,20260614,20261212
1256_411021,1,1,1,1,1,1,1,20260312,20260613
1257_411022,1,1,1,1,1,1,1,20260614,20261212
1258_411027,1,1,1,1,1,1,1,20260312,20260613
1259_411028,1,1,1,1,1,1,1,20260614,20261212
1260_411031,1,1,1,1,1,0,0,20260312,20260330
1261_411032,1,1,1,1,1,0,0,20260331,20260612
1262_411033,1,1,1,1,1,0,0,20260615,20261211
1263_411038,1,1,1,1,1,1,1,20260312,20260613
126_409206,1,1,1,1,1,1,1,20260312,20260613
1264_411039,1,1,1,1,1,1,1,20260614,20261212
1265_411040,1,1,1,1,1,0,0,20260312,20260612
1266_411041,1,1,1,1,1,0,0,20260615,20261211
1267_411047,0,0,0,0,0,1,1,20260312,20260613
1268_411048,1,1,1,1,1,0,0,20260312,20260612
1269_411049,0,0,0,0,0,1,1,20260614,20261212
1270_411050,1,1,1,1,1,0,0,20260615,20261211
1271_411051,1,1,1,1,1,0,0,20260312,20261211
1272_411057,1,1,1,1,1,1,1,20260312,20260613
1273_411058,1,1,1,1,1,1,1,20260614,20261212
127_409207,1,1,1,1,1,1,1,20260614,20261212
1274_411060,1,1,1,1,1,0,0,20260312,20260612
1275_411061,1,1,1,1,1,0,0,20260615,20261211
1276_411066,1,1,1,1,1,1,1,20260312,20260407
1277_411067,1,1,1,1,1,1,1,20260408,20260613
1278_411068,1,1,1,1,1,1,1,20260614,20261212
1279_411070,1,1,1,1,1,0,0,20260312,20260612
1280_411071,1,1,1,1,1,0,0,20260615,20261211
1281_411077,1,1,1,1,1,1,1,20260312,20260406
1282_411078,1,1,1,1,1,1,1,20260407,20260430
1283_411079,1,1,1,1,1,1,1,20260501,20260613
128_409208,1,1,1,1,1,1,1,20260312,20261212
1284_411080,1,1,1,1,1,1,1,20260614,20261212
1285_411088,1,1,1,1,1,0,0,20260312,20260430
1286_411089,1,1,1,1,1,0,0,20260504,20260612
1287_411090,1,1,1,1,1,0,0,20260615,20261211
1288_411096,1,1,1,1,1,1,1,20260312,20260406
1289_411097,1,1,1,1,1,1,1,20260407,20260613
1290_411098,1,1,1,1,1,1,1,20260614,20261212
1291_411110,0,0,0,0,0,1,1,20260312,20260524
1292_411111,1,1,1,1,1,0,0,20260312,20260612
1293_411112,0,0,0,0,0,1,1,20260530,20260607
129_409209,1,1,1,1,1,1,1,20260312,20261212
1294_411113,1,1,1,1,1,1,1,20260613,20260613
1295_411114,0,0,0,0,0,1,1,20260614,20261212
1296_411115,1,1,1,1,1,0,0,20260615,20261211
1297_411123,0,0,0,0,0,1,1,20260312,20260613
1298_411124,1,1,1,1,1,0,0,20260312,20260612
1299_411125,0,0,0,0,0,1,1,20260614,20261212
1300_411126,1,1,1,1,1,0,0,20260615,20261211
1301_411127,1,1,1,1,1,0,0,20260312,20260612
1302_411128,1,1,1,1,1,0,0,20260615,20261211
1303_411130,1,1,1,1,1,0,0,20260312,20260612
130_409210,1,1,1,1,1,1,1,20260312,20260613
1304_411131,1,1,1,1,1,0,0,20260615,20261211
1305_411139,0,0,0,0,0,1,1,20260312,20260406
1306_411140,1,1,1,1,1,0,0,20260312,20260403
1307_411141,1,1,1,1,1,0,0,20260407,20260612
1308_411142,0,0,0,0,0,1,1,20260411,20260613
1309_411143,0,0,0,0,0,1,1,20260614,20261212
1310_411144,1,1,1,1,1,0,0,20260615,20261211
1311_411150,0,0,0,0,0,1,1,20260312,20260613
1312_411151,1,1,1,1,1,0,0,20260312,20260612
1313_411152,0,0,0,0,0,1,1,20260614,20261212
131_409211,1,1,1,1,1,1,1,20260614,20261212
1314_411153,1,1,1,1,1,0,0,20260615,20261211
1315_411161,0,0,0,0,0,1,1,20260312,20260406
1316_411162,1,1,1,1,1,0,0,20260312,20260403
1317_411163,1,1,1,1,1,0,0,20260407,20260612
1318_411164,0,0,0,0,0,1,1,20260411,20260613
1319_411165,0,0,0,0,0,1,1,20260614,20261212
1320_411166,1,1,1,1,1,0,0,20260615,20261211
1321_411168,1,1,1,1,1,0,0,20260312,20260612
1322_411169,1,1,1,1,1,0,0,20260615,20261211
1323_411174,1,1,1,1,1,1,1,20260312,20260406
132_409212,1,1,1,1,1,1,1,20260312,20261212
1324_411175,1,1,1,1,1,1,1,20260407,20260613
1325_411176,1,1,1,1,1,1,1,20260614,20261212
1326_411178,1,1,1,1,1,1,1,20260312,20260407
1327_411179,1,1,1,1,1,1,1,20260408,20260613
1328_411180,1,1,1,1,1,1,1,20260614,20261212
1329_411183,1,1,1,1,1,1,1,20260312,20260406
1330_411184,1,1,1,1,1,1,1,20260329,20260329
1331_411185,1,1,1,1,1,1,1,20260407,20260613
1332_411186,1,1,1,1,1,1,1,20260614,20261212
1333_411191,1,1,1,1,1,0,0,20260312,20260430
133_409218,0,0,0,0,0,1,1,20260312,20260613
1334_411192,1,1,1,1,1,0,0,20260504,20260612
1335_411193,1,1,1,1,1,0,0,20260615,20261211
1336_411195,1,1,1,1,1,0,0,20260312,20260612
1337_411196,1,1,1,1,1,0,0,20260615,20261211
1338_411198,1,1,1,1,1,0,0,20260312,20260612
1339_411199,1,1,1,1,1,0,0,20260615,20261211
1340_411202,0,0,0,0,0,1,1,20260312,20260406
13_409053,1,1,1,1,1,0,0,20260312,20260626
1341_411203,1,1,1,1,1,0,0,20260312,20260403
1342_411204,1,1,1,1,1,0,0,20260407,20260430
1343_411205,0,0,0,0,0,1,1,20260411,20260613
134_409219,0,0,0,0,0,1,1,20260614,20261212
1344_411206,1,1,1,1,1,0,0,20260504,20260612
1345_411207,1,1,1,1,1,1,1,20260614,20261212
1346_411208,1,1,1,1,1,0,0,20260312,20261211
1347_411212,1,1,1,1,1,0,0,20260312,20260430
1348_411213,1,1,1,1,1,0,0,20260504,20260612
1349_411214,1,1,1,1,1,0,0,20260615,20261211
1350_411216,1,1,1,1,1,0,0,20260312,20260612
1351_411217,1,1,1,1,1,0,0,20260615,20261211
1352_411222,0,0,0,0,0,1,1,20260312,20260426
1353_411223,1,1,1,1,1,0,0,20260312,20260430
135_409221,0,0,0,0,0,1,1,20260312,20260613
1354_411224,0,0,0,0,0,1,1,20260501,20260613
1355_411225,1,1,1,1,1,0,0,20260504,20260612
1356_411226,0,0,0,0,0,1,1,20260614,20261212
1357_411227,1,1,1,1,1,0,0,20260615,20261211
1358_411234,0,0,0,0,0,1,1,20260312,20260406
1359_411235,1,1,1,1,1,0,0,20260312,20260403
1360_411236,1,1,1,1,1,0,0,20260407,20260612
1361_411237,0,0,0,0,0,1,1,20260411,20260613
1362_411238,0,0,0,0,0,1,1,20260614,20261212
1363_411239,1,1,1,1,1,0,0,20260615,20261211
136_409222,0,0,0,0,0,1,1,20260614,20261212
1364_411250,0,0,0,0,0,1,1,20260312,20260426
1365_411251,1,1,1,1,1,0,0,20260312,20260430
1366_411252,0,0,0,0,0,1,1,20260501,20260613
1367_411253,1,1,1,1,1,0,0,20260504,20260612
1368_411254,0,0,0,0,0,1,1,20260614,20261212
1369_411255,1,1,1,1,1,0,0,20260615,20261211
1370_411260,0,0,0,0,0,1,1,20260312,20260406
1371_411261,1,1,1,1,1,0,0,20260312,20260403
1372_411262,1,1,1,1,1,0,0,20260407,20260612
1373_411263,0,0,0,0,0,1,1,20260411,20260613
137_409225,1,1,1,1,1,0,0,20260312,20260612
1374_411264,0,0,0,0,0,1,1,20260614,20261212
1375_411265,1,1,1,1,1,0,0,20260615,20261211
1376_411276,1,1,1,1,1,0,0,20260312,20260319
1377_411277,1,1,1,1,1,1,1,20260314,20260315
1378_411278,1,1,1,1,1,0,0,20260320,20260430
1379_411279,0,0,0,0,0,1,1,20260321,20260426
1380_411280,0,0,0,0,0,1,1,20260501,20260510
1381_411281,1,1,1,1,1,0,0,20260504,20260511
1382_411282,1,1,1,1,1,0,0,20260512,20260526
1383_411283,0,0,0,0,0,1,1,20260516,20260524
138_409226,1,1,1,1,1,0,0,20260615,20261211
1384_411284,1,1,1,1,1,0,0,20260527,20260612
1385_411285,0,0,0,0,0,1,1,20260530,20260613
1386_411286,0,0,0,0,0,1,1,20260614,20261212
1387_411287,1,1,1,1,1,0,0,20260615,20261211
1388_411292,1,1,1,1,1,0,0,20260312,20260319
1389_411293,1,1,1,1,1,0,0,20260320,20260511
1390_411294,1,1,1,1,1,0,0,20260512,20260526
1391_411295,1,1,1,1,1,0,0,20260527,20260612
1392_411296,1,1,1,1,1,0,0,20260615,20261211
1393_411299,1,1,1,1,1,1,1,20260312,20260406
139_409228,1,1,1,1,1,0,0,20260312,20260612
1394_411300,1,1,1,1,1,1,1,20260407,20260613
1395_411301,1,1,1,1,1,1,1,20260614,20261212
1396_411303,1,1,1,1,1,0,0,20260312,20260612
1397_411304,1,1,1,1,1,0,0,20260615,20261211
1398_411307,1,1,1,1,1,1,1,20260312,20260430
1399_411308,1,1,1,1,1,1,1,20260501,20260613
1400_411309,1,1,1,1,1,1,1,20260614,20261212
1401_411315,1,1,1,1,1,0,0,20260312,20260319
1402_411316,1,1,1,1,1,0,0,20260320,20260511
1403_411317,1,1,1,1,1,0,0,20260512,20260526
140_409229,1,1,1,1,1,0,0,20260615,20261211
1404_411318,1,1,1,1,1,0,0,20260527,20260612
1405_411319,1,1,1,1,1,0,0,20260615,20261211
1406_411322,1,1,1,1,1,1,1,20260312,20260319
1407_411323,1,1,1,1,1,1,1,20260320,20260511
1408_411324,1,1,1,1,1,1,1,20260512,20260526
1_409036,1,1,1,1,1,1,1,20260312,20260613
1409_411325,1,1,1,1,1,1,1,20260527,20260613
1410_411326,1,1,1,1,1,1,1,20260614,20261212
1411_411328,1,1,1,1,1,1,1,20260312,20260613
1412_411329,1,1,1,1,1,1,1,20260614,20261212
1413_411331,1,1,1,1,1,0,0,20260312,20260612
141_409233,1,1,1,1,1,1,1,20260312,20260613
1414_411332,1,1,1,1,1,0,0,20260615,20261211
1415_411334,0,0,0,0,0,1,1,20260312,20260613
1416_411335,0,0,0,0,0,1,1,20260614,20261212
1417_411336,1,1,1,1,1,0,0,20260615,20261211
1418_411343,1,1,1,1,1,1,1,20260312,20260613
1419_411344,1,1,1,1,1,1,1,20260614,20261212
1420_411346,1,1,1,1,1,1,1,20260312,20260430
1421_411347,1,1,1,1,1,1,1,20260501,20260613
1422_411348,1,1,1,1,1,1,1,20260614,20261212
1423_411352,1,1,1,1,1,1,1,20260312,20260613
142_409234,1,1,1,1,1,1,1,20260614,20261212
1424_411353,1,1,1,1,1,1,1,20260614,20261212
1425_411354,1,1,1,1,1,0,0,20260312,20260612
1426_411355,1,1,1,1,1,0,0,20260615,20261211
1427_411357,1,1,1,1,1,1,1,20260312,20260613
1428_411358,1,1,1,1,1,1,1,20260614,20261212
1429_411360,1,1,1,1,1,0,0,20260312,20260612
1430_411361,1,1,1,1,1,0,0,20260615,20261211
1431_411364,1,1,1,1,1,1,1,20260312,20260613
1432_411365,1,1,1,1,1,1,1,20260614,20261212
1433_411367,1,1,1,1,1,0,0,20260312,20260612
143_409238,1,1,1,1,1,1,1,20260312,20260613
1434_411368,1,1,1,1,1,0,0,20260615,20261211
1435_411371,0,0,0,0,0,1,1,20260312,20260613
1436_411372,1,1,1,1,1,0,0,20260312,20260612
1437_411373,0,0,0,0,0,1,1,20260614,20261212
1438_411374,1,1,1,1,1,0,0,20260615,20261211
1439_411376,1,1,1,1,1,0,0,20260312,20260612
1440_411377,1,1,1,1,1,0,0,20260615,20261211
14_409054,1,1,1,1,1,0,0,20260901,20261211
1441_411378,1,1,1,1,1,1,1,20260312,20260613
1442_411379,1,1,1,1,1,1,1,20260614,20261212
1443_411380,1,1,1,1,1,1,1,20260312,20260613
144_409239,1,1,1,1,1,1,1,20260614,20261212
1444_411381,1,1,1,1,1,1,1,20260614,20261212
1445_411383,1,1,1,1,1,0,0,20260312,20260612
1446_411384,1,1,1,1,1,0,0,20260615,20261211
1447_411387,1,1,1,1,1,1,1,20260312,20260613
1448_411388,1,1,1,1,1,1,1,20260614,20261212
1449_411390,1,1,1,1,1,0,0,20260312,20260612
1450_411391,1,1,1,1,1,0,0,20260615,20261211
1451_411393,1,1,1,1,1,1,1,20260312,20260613
1452_411394,1,1,1,1,1,1,1,20260614,20261212
1453_411396,1,1,1,1,1,0,0,20260312,20260612
145_409243,1,1,1,1,1,1,1,20260312,20260613
1454_411397,1,1,1,1,1,0,0,20260615,20261211
1455_411399,1,1,1,1,1,1,1,20260312,20260613
1456_411400,1,1,1,1,1,1,1,20260614,20261212
1457_411402,1,1,1,1,1,1,1,20260312,20260613
1458_411403,1,1,1,1,1,1,1,20260614,20261212
1459_411404,1,1,1,1,1,0,0,20260312,20260612
1460_411405,1,1,1,1,1,0,0,20260615,20261211
1461_411406,1,1,1,1,1,0,0,20260312,20260612
1462_411407,1,1,1,1,1,0,0,20260615,20261211
1463_411408,1,1,1,1,1,0,0,20260312,20260612
146_409244,1,1,1,1,1,1,1,20260614,20261212
1464_411409,1,1,1,1,1,0,0,20260615,20261211
1465_411410,1,1,1,1,1,0,0,20260312,20260612
1466_411411,1,1,1,1,1,0,0,20260615,20261211
1467_411412,1,1,1,1,1,0,0,20260312,20260612
1468_411413,1,1,1,1,1,0,0,20260615,20261211
1469_411414,1,1,1,1,1,0,0,20260312,20260612
1470_411415,1,1,1,1,1,0,0,20260615,20261211
1471_411417,1,1,1,1,1,0,0,20260312,20260612
1472_411418,1,1,1,1,1,0,0,20260615,20261211
1473_411420,1,1,1,1,1,1,1,20260312,20260613
147_409252,0,0,0,0,0,0,1,20260312,20260607
1474_411421,1,1,1,1,1,1,1,20260614,20261212
1475_411423,1,1,1,1,1,0,0,20260312,20260612
1476_411424,1,1,1,1,1,0,0,20260615,20261211
1477_411426,1,1,1,1,1,1,1,20260312,20260613
1478_411427,1,1,1,1,1,1,1,20260614,20261212
1479_411429,1,1,1,1,1,0,0,20260312,20260612
1480_411430,1,1,1,1,1,0,0,20260615,20261211
1481_411432,1,1,1,1,1,0,0,20260312,20260612
1482_411433,0,0,0,0,0,1,1,20260312,20260613
1483_411434,0,0,0,0,0,1,1,20260614,20261212
148_409253,1,1,1,1,1,1,0,20260312,20260613
1484_411435,1,1,1,1,1,0,0,20260615,20261211
1485_411437,1,1,1,1,1,0,0,20260312,20260612
1486_411438,1,1,1,1,1,0,0,20260615,20261211
1487_411440,1,1,1,1,1,1,1,20260312,20260613
1488_411441,1,1,1,1,1,1,1,20260614,20261212
1489_411444,1,1,1,1,1,1,1,20260312,20260613
1490_411445,1,1,1,1,1,1,1,20260614,20261212
1491_411447,1,1,1,1,1,0,0,20260312,20260612
1492_411448,1,1,1,1,1,0,0,20260615,20261211
1493_411450,1,1,1,1,1,1,1,20260312,20260613
149_409254,0,0,0,0,0,0,1,20260614,20261206
1494_411451,1,1,1,1,1,1,1,20260614,20261212
1495_411453,1,1,1,1,1,0,0,20260312,20260612
1496_411454,1,1,1,1,1,0,0,20260615,20261211
1497_411456,1,1,1,1,1,1,1,20260312,20260613
1498_411457,1,1,1,1,1,1,1,20260614,20261212
1499_411459,1,1,1,1,1,0,0,20260312,20260612
1500_411460,1,1,1,1,1,0,0,20260615,20261211
1501_411462,1,1,1,1,1,1,1,20260312,20260613
1502_411463,1,1,1,1,1,1,1,20260614,20261212
1503_411468,1,1,1,1,1,1,1,20260312,20260613
150_409255,1,1,1,1,1,1,0,20260615,20261212
1504_411469,1,1,1,1,1,1,1,20260614,20261212
1505_411470,1,1,1,1,1,0,0,20260312,20260612
1506_411471,1,1,1,1,1,0,0,20260615,20261211
1507_411472,1,1,1,1,1,0,0,20260312,20260612
1508_411473,1,1,1,1,1,0,0,20260615,20261211
1509_411474,1,1,1,1,1,0,0,20260312,20260612
1510_411475,1,1,1,1,1,0,0,20260615,20261211
1511_411476,1,1,1,1,1,0,0,20260312,20260612
1512_411477,1,1,1,1,1,0,0,20260615,20261211
1513_411478,1,1,1,1,1,0,0,20260312,20260612
151_409259,1,1,1,1,1,1,1,20260312,20260613
1514_411479,1,1,1,1,1,0,0,20260615,20261211
1515_411480,1,1,1,1,1,0,0,20260312,20260612
1516_411481,1,1,1,1,1,0,0,20260615,20261211
1517_411485,1,1,1,1,1,1,1,20260312,20260613
1518_411486,1,1,1,1,1,1,1,20260614,20261212
1519_411489,1,1,1,1,1,1,1,20260312,20260613
1520_411490,1,1,1,1,1,1,1,20260414,20260418
1521_411491,1,1,1,1,1,1,1,20260614,20261212
1522_411497,1,1,1,1,1,0,0,20260312,20260612
1523_411498,1,1,1,1,1,0,0,20260615,20261211
152_409260,1,1,1,1,1,1,1,20260614,20261212
1524_411502,1,1,1,1,1,1,1,20260312,20260613
1525_411503,1,1,1,1,1,1,1,20260614,20261212
1526_411506,1,1,1,1,1,0,0,20260312,20260612
1527_411507,1,1,1,1,1,0,0,20260615,20261211
1528_411513,1,1,1,1,1,0,0,20260312,20260612
1529_411514,1,1,1,1,1,0,0,20260615,20261211
1530_411518,1,1,1,1,1,1,1,20260312,20260406
1531_411519,1,1,1,1,1,1,1,20260407,20260418
1532_411520,1,1,1,1,1,1,1,20260419,20260613
1533_411521,1,1,1,1,1,1,1,20260614,20261212
153_409264,1,1,1,1,1,1,1,20260312,20260613
1534_411534,1,1,1,1,1,1,1,20260312,20260406
1535_411535,1,1,1,1,1,1,1,20260407,20260417
1536_411536,1,1,1,1,1,1,1,20260418,20260418
1537_411537,0,0,0,0,0,1,1,20260419,20260613
1538_411538,1,1,1,1,1,0,0,20260420,20260515
1539_411539,1,1,1,1,1,0,0,20260518,20260612
1540_411540,1,1,1,1,1,1,1,20260614,20261212
15_409056,0,0,0,0,0,1,1,20260312,20260613
1541_411546,1,1,1,1,1,0,0,20260312,20260612
1542_411547,1,1,1,1,1,0,0,20260615,20261211
1543_411555,1,1,1,1,1,0,0,20260312,20260403
154_409265,1,1,1,1,1,1,1,20260614,20261212
1544_411556,1,1,1,1,1,1,1,20260407,20260410
1545_411557,1,1,1,1,1,1,1,20260413,20260417
1546_411558,1,1,1,1,1,0,0,20260420,20260612
1547_411559,1,1,1,1,1,0,0,20260615,20261211
1548_411563,1,1,1,1,1,1,1,20260312,20260406
1549_411564,1,1,1,1,1,1,1,20260407,20260417
1550_411565,1,1,1,1,1,1,1,20260418,20260613
1551_411568,1,1,1,1,1,0,0,20260312,20260612
1552_411569,1,1,1,1,1,1,1,20260614,20261212
1553_411570,1,1,1,1,1,0,0,20260615,20261211
155_409268,0,0,0,0,0,1,1,20260312,20260613
1554_411572,1,1,1,1,1,0,0,20260312,20260612
1555_411573,1,1,1,1,1,0,0,20260615,20261211
1556_411579,1,1,1,1,1,0,0,20260312,20260612
1557_411580,1,1,1,1,1,0,0,20260615,20261211
1558_411582,1,1,1,1,1,1,1,20260312,20260613
1559_411583,1,1,1,1,1,1,1,20260614,20261212
1560_411586,0,0,0,0,0,1,1,20260312,20260406
1561_411587,1,1,1,1,1,0,0,20260312,20260403
1562_411588,1,1,1,1,1,0,0,20260407,20260417
1563_411589,0,0,0,0,0,1,1,20260411,20260418
156_409269,1,1,1,1,1,0,0,20260312,20260612
1564_411590,0,0,0,0,0,1,1,20260419,20260613
1565_411591,1,1,1,1,1,0,0,20260420,20260612
1566_411592,0,0,0,0,0,1,1,20260614,20261212
1567_411593,1,1,1,1,1,0,0,20260615,20261211
1568_411595,1,1,1,1,1,0,0,20260312,20260403
1569_411596,1,1,1,1,1,0,0,20260407,20260417
1570_411597,1,1,1,1,1,0,0,20260420,20260612
1571_411598,1,1,1,1,1,0,0,20260615,20261211
1572_411600,1,1,1,1,1,0,0,20260312,20260612
1573_411601,1,1,1,1,1,0,0,20260615,20261211
157_409270,0,0,0,0,0,1,1,20260614,20261212
1574_411603,1,1,1,1,1,0,0,20260312,20260403
1575_411604,1,1,1,1,1,0,0,20260407,20260417
1576_411605,1,1,1,1,1,0,0,20260420,20260612
1577_411606,1,1,1,1,1,0,0,20260615,20261211
1578_411608,1,1,1,1,1,0,0,20260312,20260612
1579_411609,1,1,1,1,1,0,0,20260615,20261211
1580_411612,0,0,0,0,0,1,1,20260312,20260406
1581_411613,1,1,1,1,1,0,0,20260312,20260403
1582_411614,1,1,1,1,1,0,0,20260407,20260417
1583_411615,1,1,1,1,1,1,1,20260411,20260412
158_409271,1,1,1,1,1,0,0,20260615,20261211
1584_411616,0,0,0,0,0,1,1,20260418,20260613
1585_411617,1,1,1,1,1,0,0,20260420,20260612
1586_411618,0,0,0,0,0,1,1,20260614,20261212
1587_411619,1,1,1,1,1,0,0,20260615,20261211
1588_411621,1,1,1,1,1,1,1,20260312,20260613
1589_411622,1,1,1,1,1,1,1,20260614,20261212
1590_411624,1,1,1,1,1,1,1,20260312,20260613
1591_411625,1,1,1,1,1,1,1,20260614,20261212
1592_411627,1,1,1,1,1,1,1,20260312,20260405
1593_411628,1,1,1,1,1,1,1,20260406,20260412
159_409273,1,1,1,1,1,1,1,20260312,20260613
1594_411629,1,1,1,1,1,1,1,20260413,20260613
1595_411630,1,1,1,1,1,1,1,20260614,20261212
1596_411633,1,1,1,1,1,1,1,20260312,20260613
1597_411634,1,1,1,1,1,1,1,20260614,20261212
1598_411636,1,1,1,1,1,1,1,20260312,20260613
1599_411637,1,1,1,1,1,1,1,20260614,20261212
1600_411639,1,1,1,1,1,1,1,20260312,20260613
1601_411640,1,1,1,1,1,1,1,20260614,20261212
1602_411642,1,1,1,1,1,1,1,20260312,20260613
1603_411643,1,1,1,1,1,1,1,20260614,20261212
160_409274,1,1,1,1,1,1,1,20260614,20261212
1604_411645,1,1,1,1,1,1,1,20260312,20260613
1605_411646,1,1,1,1,1,1,1,20260614,20261212
1606_411648,1,1,1,1,1,1,1,20260312,20260613
1607_411649,1,1,1,1,1,1,1,20260614,20261212
1608_411650,1,1,1,1,1,0,0,20260312,20260612
1609_411651,1,1,1,1,1,0,0,20260615,20261211
1610_411654,0,0,0,0,0,1,1,20260312,20260613
1611_411655,1,1,1,1,1,0,0,20260312,20260612
1612_411656,0,0,0,0,0,1,1,20260614,20261212
1613_411657,1,1,1,1,1,0,0,20260615,20261211
161_409278,1,1,1,1,1,1,1,20260312,20260613
1614_411658,1,1,1,1,1,1,1,20260312,20260613
1615_411659,1,1,1,1,1,1,1,20260614,20261212
1616_411661,1,1,1,1,1,0,0,20260312,20260612
1617_411662,1,1,1,1,1,0,0,20260615,20261211
1618_411664,1,1,1,1,1,1,1,20260312,20260613
1619_411665,1,1,1,1,1,1,1,20260614,20261212
1620_411667,1,1,1,1,1,1,1,20260312,20260613
1621_411668,1,1,1,1,1,1,1,20260614,20261212
1622_411670,1,1,1,1,1,1,1,20260312,20260613
1623_411671,1,1,1,1,1,1,1,20260614,20261212
162_409279,1,1,1,1,1,1,1,20260614,20261212
1624_411678,0,0,0,0,0,1,1,20260312,20260613
1625_411679,1,1,1,1,1,0,0,20260312,20260612
1626_411680,0,0,0,0,0,1,1,20260614,20261212
1627_411681,1,1,1,1,1,0,0,20260615,20261211
1628_411682,1,1,1,1,1,1,1,20260312,20260613
1629_411683,1,1,1,1,1,1,1,20260614,20261212
1630_411685,1,1,1,1,1,1,1,20260312,20260613
1631_411686,1,1,1,1,1,1,1,20260614,20261212
1632_411688,1,1,1,1,1,0,0,20260312,20260612
1633_411689,1,1,1,1,1,0,0,20260615,20261211
163_409283,1,1,1,1,1,1,1,20260312,20260613
1634_411690,1,1,1,1,1,1,1,20260413,20260416
1635_411691,1,1,1,1,1,1,1,20260312,20260613
1636_411692,1,1,1,1,1,1,1,20260614,20261212
1637_411693,1,1,1,1,1,1,1,20260414,20260417
1638_411695,1,1,1,1,1,1,1,20260312,20260613
1639_411696,1,1,1,1,1,1,1,20260614,20261212
1640_411698,1,1,1,1,1,0,0,20260312,20260612
16_409057,0,0,0,0,0,1,1,20260614,20261212
1641_411699,1,1,1,1,1,0,0,20260615,20261211
1642_411702,0,0,0,0,0,1,1,20260312,20260613
1643_411703,1,1,1,1,1,0,0,20260312,20260612
164_409284,1,1,1,1,1,1,1,20260614,20261212
1644_411704,0,0,0,0,0,1,1,20260614,20261212
1645_411705,1,1,1,1,1,0,0,20260615,20261211
1646_411707,1,1,1,1,1,1,1,20260312,20260613
1647_411708,1,1,1,1,1,1,1,20260614,20261212
1648_411711,1,1,1,1,1,1,1,20260312,20260613
1649_411712,1,1,1,1,1,1,1,20260614,20261212
1650_411714,1,1,1,1,1,0,0,20260312,20260612
1651_411715,1,1,1,1,1,0,0,20260615,20261211
1652_411717,1,1,1,1,1,1,1,20260312,20260613
1653_411718,1,1,1,1,1,1,1,20260614,20261212
165_409286,1,1,1,1,1,1,1,20260312,20260613
1654_411720,1,1,1,1,1,1,1,20260312,20260613
1655_411721,1,1,1,1,1,1,1,20260614,20261212
1656_411723,1,1,1,1,1,1,1,20260312,20260613
1657_411724,1,1,1,1,1,1,1,20260614,20261212
1658_411728,0,0,0,0,0,1,1,20260312,20260613
1659_411729,1,1,1,1,1,0,0,20260312,20260612
1660_411730,0,0,0,0,0,1,1,20260614,20261212
1661_411731,1,1,1,1,1,0,0,20260615,20261211
1662_411733,1,1,1,1,1,1,1,20260312,20260613
1663_411734,1,1,1,1,1,1,1,20260614,20261212
166_409287,1,1,1,1,1,1,1,20260614,20261212
1664_411737,1,1,1,1,1,1,1,20260312,20260613
1665_411738,1,1,1,1,1,1,1,20260614,20261212
1666_411741,0,0,0,0,0,1,1,20260312,20260613
1667_411742,1,1,1,1,1,0,0,20260312,20260612
1668_411743,0,0,0,0,0,1,1,20260614,20261212
1669_411744,1,1,1,1,1,0,0,20260615,20261211
1670_411746,1,1,1,1,1,0,0,20260312,20260612
1671_411747,1,1,1,1,1,0,0,20260615,20261211
1672_411749,1,1,1,1,1,1,1,20260312,20260613
1673_411750,1,1,1,1,1,1,1,20260614,20261212
167_409293,1,1,1,1,1,1,1,20260312,20260613
1674_411752,1,1,1,1,1,1,1,20260312,20260613
1675_411753,1,1,1,1,1,1,1,20260614,20261212
1676_411756,1,1,1,1,1,1,1,20260312,20260613
1677_411757,1,1,1,1,1,1,1,20260614,20261212
1678_411759,1,1,1,1,1,1,1,20260312,20260613
1679_411760,1,1,1,1,1,1,1,20260614,20261212
1680_411762,1,1,1,1,1,1,1,20260312,20260613
1681_411763,1,1,1,1,1,1,1,20260614,20261212
1682_411766,1,1,1,1,1,1,1,20260312,20260613
1683_411767,1,1,1,1,1,1,1,20260614,20261212
168_409294,1,1,1,1,1,1,1,20260614,20261212
1684_411770,1,1,1,1,1,1,1,20260312,20260613
1685_411774,1,1,1,1,1,1,1,20260614,20261212
1686_411777,0,0,0,0,0,1,1,20260312,20260613
1687_411778,1,1,1,1,1,0,0,20260312,20260612
1688_411779,0,0,0,0,0,1,1,20260614,20261212
1689_411780,1,1,1,1,1,0,0,20260615,20261211
1690_411781,0,0,0,0,0,1,1,20260312,20261212
1691_411782,1,1,1,1,1,0,0,20260312,20261211
1692_411784,1,1,1,1,1,1,1,20260312,20260613
1693_411785,1,1,1,1,1,1,1,20260413,20260416
169_409297,0,0,0,0,0,0,1,20260312,20260607
1694_411786,1,1,1,1,1,1,1,20260614,20261212
1695_411787,1,1,1,1,1,0,0,20260312,20260612
1696_411788,1,1,1,1,1,0,0,20260615,20261211
1697_411790,1,1,1,1,1,1,1,20260312,20260613
1698_411791,1,1,1,1,1,1,1,20260614,20261212
1699_411793,0,0,0,0,0,1,1,20260312,20260613
1700_411794,0,0,0,0,0,1,1,20260614,20261212
1701_411800,1,1,1,1,1,0,0,20260312,20260415
1702_411801,1,1,1,1,1,0,0,20260416,20260611
1703_411802,1,1,1,1,1,1,1,20260612,20260612
170_409298,1,1,1,1,1,1,0,20260312,20260613
1704_411803,1,1,1,1,1,0,0,20260615,20261211
1705_411805,1,1,1,1,1,1,1,20260312,20260613
1706_411806,1,1,1,1,1,0,0,20260615,20261211
1707_411808,1,1,1,1,1,1,1,20260312,20260613
1708_411809,1,1,1,1,1,1,1,20260614,20261212
1709_411810,1,1,1,1,1,1,1,20260614,20261212
1710_411813,1,1,1,1,1,0,0,20260312,20260612
1711_411814,1,1,1,1,1,0,0,20260615,20261211
1712_411817,0,0,0,0,0,1,1,20260312,20260412
1713_411818,0,0,0,0,0,1,1,20260418,20260607
171_409299,0,0,0,0,0,0,1,20260614,20261206
1714_411819,1,1,1,1,1,1,1,20260613,20260613
1715_411820,0,0,0,0,0,1,1,20260614,20261212
1716_411822,1,1,1,1,1,0,0,20260312,20260612
1717_411823,1,1,1,1,1,1,1,20260614,20261212
1718_411825,1,1,1,1,1,1,1,20260312,20260415
1719_411826,1,1,1,1,1,1,1,20260316,20260320
1720_411827,1,1,1,1,1,1,1,20260416,20260611
1721_411828,1,1,1,1,1,1,1,20260612,20260613
1722_411829,1,1,1,1,1,1,1,20260614,20261212
1723_411830,1,1,1,1,1,1,1,20260614,20261212
172_409300,1,1,1,1,1,1,0,20260615,20261212
1724_411831,1,1,1,1,1,1,1,20260614,20261212
1725_411833,1,1,1,1,1,1,1,20260312,20260415
1726_411834,1,1,1,1,1,1,1,20260416,20260611
1727_411835,1,1,1,1,1,1,1,20260612,20260613
1728_411836,1,1,1,1,1,1,1,20260614,20261212
1729_411837,1,1,1,1,1,1,1,20260614,20261212
1730_411840,1,1,1,1,1,1,1,20260312,20260326
1731_411841,1,1,1,1,1,1,1,20260327,20260613
1732_411842,1,1,1,1,1,1,1,20260411,20260412
1733_411843,1,1,1,1,1,1,1,20260614,20261212
173_409302,1,1,1,1,1,1,1,20260312,20260613
1734_411844,1,1,1,1,1,1,1,20260614,20261212
1735_411846,1,1,1,1,1,1,1,20260312,20260415
1736_411847,1,1,1,1,1,1,1,20260416,20260611
1737_411848,1,1,1,1,1,1,1,20260612,20260613
1738_411849,1,1,1,1,1,1,1,20260614,20261212
1739_411851,1,1,1,1,1,1,1,20260312,20260613
1740_411852,1,1,1,1,1,1,1,20260614,20261212
17_409058,1,1,1,1,1,0,0,20260312,20260612
1741_411857,1,1,1,1,1,0,0,20260312,20260415
1742_411858,1,1,1,1,1,0,0,20260416,20260611
1743_411859,1,1,1,1,1,1,1,20260612,20260612
174_409303,1,1,1,1,1,1,1,20260614,20261212
1744_411860,1,1,1,1,1,0,0,20260615,20261211
1745_411863,0,0,0,0,0,1,1,20260312,20260412
1746_411864,0,0,0,0,0,1,1,20260418,20260607
1747_411865,1,1,1,1,1,1,1,20260613,20260613
1748_411866,0,0,0,0,0,1,1,20260614,20261212
1749_411871,1,1,1,1,1,0,0,20260312,20260415
1750_411872,1,1,1,1,1,0,0,20260416,20260611
1751_411873,1,1,1,1,1,1,1,20260612,20260612
1752_411874,1,1,1,1,1,0,0,20260615,20261211
1753_411881,0,0,0,0,0,1,1,20260312,20260613
175_409308,1,1,1,1,1,1,1,20260312,20260613
1754_411882,0,0,0,0,0,1,1,20260614,20261212
1755_411887,0,0,0,0,0,1,1,20260312,20260412
1756_411888,0,0,0,0,0,1,1,20260418,20260607
1757_411889,1,1,1,1,1,1,1,20260613,20260613
1758_411890,0,0,0,0,0,1,1,20260614,20261212
1759_411892,1,1,1,1,1,1,1,20260312,20260613
1760_411893,1,1,1,1,1,1,1,20260614,20261212
1761_411894,1,1,1,1,1,0,0,20260312,20260612
1762_411895,0,0,0,0,0,1,1,20260614,20261212
1763_411896,1,1,1,1,1,0,0,20260615,20261211
176_409309,1,1,1,1,1,1,1,20260614,20261212
1764_411898,1,1,1,1,1,1,1,20260312,20260613
1765_411899,1,1,1,1,1,1,1,20260614,20261212
1766_411900,1,1,1,1,1,1,1,20260614,20261212
1767_411901,1,1,1,1,1,1,1,20260312,20260415
1768_411902,1,1,1,1,1,1,1,20260416,20260611
1769_411903,1,1,1,1,1,1,1,20260612,20261212
1770_411904,1,1,1,1,1,1,1,20260614,20261212
1771_411914,1,1,1,1,1,1,1,20260312,20260613
1772_411915,1,1,1,1,1,1,1,20260614,20261211
1773_411946,1,1,1,1,1,0,0,20260312,20260612
177_409313,1,1,1,1,1,1,1,20260312,20260613
1774_411947,1,1,1,1,1,1,1,20260312,20260313
1775_411948,1,1,1,1,1,1,1,20260327,20260327
1776_411949,1,1,1,1,1,0,0,20260615,20261211
1777_411953,1,1,1,1,1,0,0,20260312,20260612
1778_411954,1,1,1,1,1,0,0,20260615,20261211
1779_411956,0,0,0,0,0,1,1,20260312,20260613
1780_411957,0,0,0,0,0,1,1,20260614,20261212
1781_411959,1,1,1,1,1,0,0,20260312,20260612
1782_411960,1,1,1,1,1,0,0,20260615,20261211
1783_411962,1,1,1,1,1,1,1,20260312,20260613
178_409314,1,1,1,1,1,1,1,20260614,20261212
1784_411963,1,1,1,1,1,1,1,20260614,20261212
1785_411965,0,0,0,0,0,1,1,20260312,20260613
1786_411966,0,0,0,0,0,1,1,20260614,20261212
1787_411968,1,1,1,1,1,0,0,20260312,20260612
1788_411969,1,1,1,1,1,0,0,20260615,20261211
1789_411971,0,0,0,0,0,1,1,20260312,20260613
1790_411972,0,0,0,0,0,1,1,20260614,20261212
1791_411974,1,1,1,1,1,0,0,20260312,20260612
1792_411975,1,1,1,1,1,0,0,20260615,20261211
1793_411977,1,1,1,1,1,0,0,20260312,20260612
179_409315,1,1,1,1,1,1,1,20260312,20261212
1794_411978,1,1,1,1,1,0,0,20260615,20261211
1795_411980,0,0,0,0,0,1,1,20260312,20260613
1796_411981,0,0,0,0,0,1,1,20260614,20261212
1797_411983,1,1,1,1,1,0,0,20260312,20260612
1798_411984,1,1,1,1,1,0,0,20260615,20261211
1799_411986,0,0,0,0,0,1,1,20260312,20260613
1800_411987,0,0,0,0,0,1,1,20260614,20261212
1801_411995,0,0,0,0,0,1,1,20260312,20260613
1802_411996,1,1,1,1,1,0,0,20260312,20260612
1803_411997,0,0,0,0,0,1,1,20260614,20261212
180_409319,1,1,1,1,1,1,1,20260312,20260613
1804_411998,1,1,1,1,1,0,0,20260615,20261211
1805_412000,1,1,1,1,1,1,1,20260312,20260613
1806_412001,1,1,1,1,1,1,1,20260614,20261212
1807_412005,1,1,1,1,1,0,0,20260312,20260612
1808_412006,1,1,1,1,1,0,0,20260615,20261211
1809_412008,1,1,1,1,1,0,0,20260312,20261211
1810_412010,1,1,1,1,1,0,0,20260312,20260612
1811_412011,1,1,1,1,1,0,0,20260615,20261211
1812_412013,1,1,1,1,1,0,0,20260312,20260612
1813_412014,1,1,1,1,1,0,0,20260615,20261211
181_409320,1,1,1,1,1,1,1,20260614,20261212
1814_412021,1,1,1,1,1,0,0,20260312,20260612
1815_412022,0,0,0,0,0,1,1,20260614,20261212
1816_412023,1,1,1,1,1,0,0,20260615,20261211
1817_412025,1,1,1,1,1,0,0,20260312,20260612
1818_412026,1,1,1,1,1,0,0,20260615,20261211
1819_412029,0,0,0,0,0,1,1,20260312,20260613
1820_412030,1,1,1,1,1,0,0,20260312,20260612
1821_412031,0,0,0,0,0,1,1,20260614,20261212
1822_412032,1,1,1,1,1,0,0,20260615,20261211
1823_412034,1,1,1,1,1,1,1,20260312,20260313
182_409324,1,1,1,1,1,1,1,20260312,20260613
1824_412035,1,1,1,1,1,0,0,20260316,20260612
1825_412036,1,1,1,1,1,0,0,20260615,20261211
1826_412038,0,0,0,0,0,1,1,20260312,20260613
1827_412039,0,0,0,0,0,1,1,20260614,20261212
1828_412041,1,1,1,1,1,0,0,20260312,20260612
1829_412042,1,1,1,1,1,0,0,20260615,20261211
1830_412044,1,1,1,1,1,0,0,20260312,20260612
1831_412045,1,1,1,1,1,0,0,20260615,20261211
1832_412047,0,0,0,0,0,1,1,20260312,20260613
1833_412048,0,0,0,0,0,1,1,20260614,20261212
183_409325,1,1,1,1,1,1,1,20260614,20261212
1834_412055,1,1,1,1,1,0,0,20260312,20260612
1835_412056,1,1,1,1,1,0,0,20260615,20261211
1836_412058,1,1,1,1,1,0,0,20260312,20260612
1837_412059,1,1,1,1,1,0,0,20260615,20261211
1838_412061,0,0,0,0,0,1,1,20260312,20260613
1839_412062,0,0,0,0,0,1,1,20260614,20261212
1840_412064,0,0,0,0,0,1,1,20260312,20260613
18_409060,1,1,1,1,1,1,1,20260312,20260425
1841_412065,0,0,0,0,0,1,1,20260614,20261212
1842_412067,1,1,1,1,1,0,0,20260312,20260612
1843_412068,1,1,1,1,1,0,0,20260615,20261211
184_409326,1,1,1,1,1,0,0,20260615,20261211
1844_412070,1,1,1,1,1,0,0,20260312,20260612
1845_412071,1,1,1,1,1,0,0,20260615,20261211
1846_412073,1,1,1,1,1,1,1,20260312,20260613
1847_412074,1,1,1,1,1,1,1,20260614,20261212
1848_412076,1,1,1,1,1,0,0,20260312,20260612
1849_412077,1,1,1,1,1,0,0,20260615,20261211
1850_412080,0,0,0,0,0,1,1,20260312,20260613
1851_412081,1,1,1,1,1,0,0,20260312,20260612
1852_412082,0,0,0,0,0,1,1,20260614,20261212
1853_412083,1,1,1,1,1,0,0,20260615,20261211
185_409328,1,1,1,1,1,0,0,20260312,20260612
1854_412085,1,1,1,1,1,0,0,20260312,20260612
1855_412086,1,1,1,1,1,0,0,20260615,20261211
1856_412089,0,0,0,0,0,1,1,20260312,20260613
1857_412090,1,1,1,1,1,0,0,20260312,20260612
1858_412091,0,0,0,0,0,1,1,20260614,20261212
1859_412092,1,1,1,1,1,0,0,20260615,20261211
1860_412094,1,1,1,1,1,0,0,20260312,20260612
1861_412095,1,1,1,1,1,0,0,20260615,20261211
1862_412097,1,1,1,1,1,0,0,20260312,20260612
1863_412098,1,1,1,1,1,0,0,20260615,20261211
186_409329,1,1,1,1,1,0,0,20260615,20261211
1864_412100,1,1,1,1,1,0,0,20260312,20260612
1865_412101,1,1,1,1,1,0,0,20260615,20261211
1866_412103,1,1,1,1,1,1,1,20260312,20260613
1867_412104,1,1,1,1,1,1,1,20260614,20261212
1868_412106,1,1,1,1,1,0,0,20260312,20260612
1869_412107,1,1,1,1,1,0,0,20260615,20261211
1870_412109,1,1,1,1,1,0,0,20260312,20260612
1871_412110,1,1,1,1,1,0,0,20260615,20261211
1872_412112,1,1,1,1,1,0,0,20260312,20260612
1873_412113,1,1,1,1,1,0,0,20260615,20261211
187_409331,1,1,1,1,1,0,0,20260312,20260403
1874_412116,1,1,1,1,1,0,0,20260312,20261211
1875_412117,0,0,0,0,0,1,1,20260614,20261212
1876_412119,1,1,1,1,1,0,0,20260312,20260612
1877_412120,1,1,1,1,1,0,0,20260615,20261211
1878_412123,0,0,0,0,0,1,1,20260312,20260613
1879_412124,1,1,1,1,1,0,0,20260312,20260612
1880_412125,0,0,0,0,0,1,1,20260614,20261212
1881_412126,1,1,1,1,1,0,0,20260615,20261211
1882_412128,1,1,1,1,1,0,0,20260312,20260612
1883_412129,1,1,1,1,1,0,0,20260615,20261211
188_409332,1,1,1,1,1,0,0,20260407,20260417
1884_412133,1,1,1,1,1,1,1,20260312,20260613
1885_412134,1,1,1,1,1,1,1,20260614,20261212
1886_412141,0,0,0,0,0,1,1,20260312,20260613
1887_412142,1,1,1,1,1,0,0,20260312,20260612
1888_412143,1,1,1,1,1,1,1,20260312,20260312
1889_412144,1,1,1,1,1,1,1,20260326,20260327
1890_412145,1,1,1,1,1,1,1,20260328,20260328
1891_412146,0,0,0,0,0,1,1,20260614,20261212
1892_412147,1,1,1,1,1,0,0,20260615,20261211
1893_412149,1,0,0,0,0,0,0,20260312,20260330
189_409333,1,1,1,1,1,0,0,20260420,20260612
1894_412150,1,0,0,0,0,0,0,20260407,20260608
1895_412151,1,0,0,0,0,0,0,20260615,20261207
1896_412153,1,1,1,1,1,0,0,20260312,20260612
1897_412154,1,1,1,1,1,0,0,20260615,20261211
1898_412155,1,1,1,1,1,0,0,20260312,20260612
1899_412156,1,1,1,1,1,0,0,20260615,20261211
1900_412158,1,1,1,1,1,0,0,20260312,20260612
1901_412159,1,1,1,1,1,0,0,20260615,20261211
1902_412160,1,1,1,1,1,1,1,20260312,20260613
1903_412161,1,1,1,1,1,1,1,20260314,20260315
190_409334,1,1,1,1,1,0,0,20260615,20261211
1904_412162,1,1,1,1,1,1,1,20260614,20261212
1905_412164,1,1,1,1,1,1,1,20260312,20260613
1906_412165,1,1,1,1,1,1,1,20260314,20260315
1907_412166,1,1,1,1,1,1,1,20260614,20261212
1908_412169,1,1,1,1,1,1,1,20260314,20260315
1909_412170,0,0,0,0,0,1,1,20260321,20260412
1910_412171,0,0,0,0,0,1,1,20260418,20260607
1911_412172,1,1,1,1,1,1,1,20260613,20260613
1912_412173,0,0,0,0,0,1,1,20260614,20261212
1913_412176,1,1,1,1,1,0,0,20260312,20260612
191_409336,1,1,1,1,1,0,0,20260312,20260403
1914_412177,1,1,1,1,1,0,0,20260615,20261211
1915_412179,1,1,1,1,1,1,1,20260312,20260415
1916_412180,1,1,1,1,1,1,1,20260314,20260315
1917_412181,1,1,1,1,1,1,1,20260416,20260611
1918_412182,1,1,1,1,1,1,1,20260612,20260613
1919_412183,1,1,1,1,1,1,1,20260614,20261212
1920_412185,1,1,1,1,1,1,1,20260312,20260313
1921_412186,1,1,1,1,1,1,1,20260314,20260315
1922_412187,1,1,1,1,1,1,1,20260316,20260613
1923_412188,1,1,1,1,1,1,1,20260614,20261212
192_409337,1,1,1,1,1,0,0,20260407,20260417
1924_412190,1,1,1,1,1,1,1,20260312,20260613
1925_412191,1,1,1,1,1,1,1,20260314,20260315
1926_412192,1,1,1,1,1,1,1,20260614,20261212
1927_412194,1,1,1,1,1,1,1,20260312,20260613
1928_412195,1,1,1,1,1,1,1,20260314,20260315
1929_412196,1,1,1,1,1,1,1,20260614,20261212
1930_412198,1,1,1,1,1,1,1,20260312,20260415
1931_412199,1,1,1,1,1,1,1,20260314,20260315
1932_412200,1,1,1,1,1,1,1,20260416,20260611
1933_412201,1,1,1,1,1,1,1,20260612,20260613
193_409338,1,1,1,1,1,0,0,20260420,20260515
1934_412202,1,1,1,1,1,1,1,20260614,20261212
1935_412204,1,1,1,1,1,1,1,20260312,20260613
1936_412205,1,1,1,1,1,1,1,20260314,20260315
1937_412206,1,1,1,1,1,1,1,20260614,20261212
1938_412208,1,1,1,1,1,0,0,20260312,20260612
1939_412209,1,1,1,1,1,0,0,20260615,20261211
1940_412210,1,1,1,1,1,0,0,20260312,20261211
19_409061,1,1,1,1,1,1,1,20260426,20260515
1941_412219,1,1,1,1,1,0,0,20260312,20260612
1942_412220,1,1,1,1,1,1,1,20260314,20260315
1943_412221,0,0,0,0,0,1,1,20260321,20260613
194_409339,1,1,1,1,1,0,0,20260518,20260612
1944_412222,0,0,0,0,0,1,1,20260614,20261212
1945_412223,1,1,1,1,1,0,0,20260615,20261211
1946_412226,1,1,1,1,1,0,0,20260312,20260612
1947_412227,1,1,1,1,1,0,0,20260615,20261211
1948_412230,1,1,1,1,1,1,1,20260314,20260315
1949_412231,0,0,0,0,0,1,1,20260321,20260412
1950_412232,0,0,0,0,0,1,1,20260418,20260607
1951_412233,1,1,1,1,1,1,1,20260613,20260613
1952_412234,0,0,0,0,0,1,1,20260614,20261212
1953_412236,1,1,1,1,1,1,1,20260312,20260613
195_409340,1,1,1,1,1,0,0,20260615,20261211
1954_412237,1,1,1,1,1,1,1,20260314,20260315
1955_412238,1,1,1,1,1,1,1,20260614,20261212
1956_412241,1,1,1,1,1,0,0,20260312,20260415
1957_412242,1,1,1,1,1,0,0,20260416,20260611
1958_412243,1,1,1,1,1,1,1,20260612,20260612
1959_412244,1,1,1,1,1,0,0,20260615,20261211
1960_412247,1,1,1,1,1,1,1,20260314,20260315
1961_412248,0,0,0,0,0,1,1,20260321,20260412
1962_412249,0,0,0,0,0,1,1,20260418,20260607
1963_412250,1,1,1,1,1,1,1,20260613,20260613
196_409342,0,0,0,0,0,1,1,20260312,20260315
1964_412251,0,0,0,0,0,1,1,20260614,20261212
1965_412254,1,1,1,1,1,1,1,20260312,20260313
1966_412255,1,1,1,1,1,1,1,20260314,20260315
1967_412256,1,1,1,1,1,1,1,20260316,20260613
1968_412257,1,1,1,1,1,1,1,20260614,20261212
1969_412262,1,1,1,1,1,0,0,20260312,20260612
1970_412263,1,1,1,1,1,0,0,20260615,20261211
1971_412265,1,1,1,1,1,1,1,20260312,20260415
1972_412266,1,1,1,1,1,1,1,20260314,20260315
1973_412267,1,1,1,1,1,0,0,20260416,20260611
197_409343,0,0,0,0,0,1,1,20260321,20260613
1974_412268,0,0,0,0,0,1,1,20260418,20260607
1975_412269,1,1,1,1,1,1,1,20260612,20260613
1976_412270,1,1,1,1,1,1,1,20260614,20261212
1977_412272,1,1,1,1,1,1,1,20260312,20260613
1978_412273,1,1,1,1,1,0,0,20260313,20260316
1979_412274,1,1,1,1,1,1,1,20260314,20260315
1980_412275,1,1,1,1,1,1,1,20260614,20261212
1981_412277,1,1,1,1,1,1,1,20260312,20260613
1982_412278,1,1,1,1,1,1,1,20260314,20260315
1983_412279,1,1,1,1,1,1,1,20260614,20261212
198_409344,0,0,0,0,0,1,1,20260614,20261212
1984_412281,1,1,1,1,1,1,1,20260312,20260313
1985_412282,1,1,1,1,1,1,1,20260314,20260315
1986_412283,1,1,1,1,1,1,1,20260316,20260613
1987_412284,1,1,1,1,1,1,1,20260614,20261212
1988_412287,0,0,0,0,0,1,0,20260321,20260501
1989_412288,0,0,0,0,0,1,0,20260509,20260613
1990_412289,0,0,0,0,0,1,0,20260620,20261212
1991_412291,1,1,1,1,1,1,1,20260312,20260613
1992_412292,1,1,1,1,1,1,1,20260614,20261212
1993_412293,1,1,1,1,1,1,1,20260312,20261212
199_409346,1,1,1,1,1,0,0,20260312,20260415
1994_412294,0,0,0,0,0,1,1,20260312,20261212
1995_412295,1,1,1,1,1,1,1,20260312,20260613
1996_412296,1,1,1,1,1,1,1,20260614,20261212
1997_412297,1,1,1,1,1,0,0,20260312,20261211
1998_412301,0,0,0,0,1,1,0,20260313,20260612
1999_412302,1,1,1,1,1,1,1,20260404,20260404
2000_412303,1,1,1,1,1,1,1,20260523,20260523
2001_412304,0,0,0,0,0,1,1,20260614,20261212
2002_412307,1,1,1,1,1,0,0,20260312,20260612
2003_412308,1,1,1,1,1,0,0,20260615,20261211
200_409347,1,1,1,1,1,0,0,20260416,20260611
2004_412311,1,1,1,1,1,1,1,20260312,20260613
2005_412312,1,1,1,1,1,1,1,20260614,20261212
2006_412315,1,1,1,1,1,1,1,20260312,20260613
2007_412316,1,1,1,1,1,1,1,20260614,20261212
2008_412319,1,1,1,1,1,0,0,20260312,20260612
2009_412320,1,1,1,1,1,0,0,20260615,20261211
2010_412323,1,1,1,1,1,1,1,20260312,20260613
2011_412324,1,1,1,1,1,1,1,20260614,20261212
2012_412327,1,1,1,1,1,1,1,20260312,20260613
2013_412328,1,1,1,1,1,1,1,20260614,20261212
201_409348,1,1,1,1,1,1,1,20260612,20260612
2014_412331,1,1,1,1,1,0,0,20260312,20260612
2015_412332,1,1,1,1,1,0,0,20260615,20261211
2016_412336,1,1,1,1,1,1,1,20260312,20260613
2017_412337,1,1,1,1,1,1,1,20260614,20261212
2018_412340,1,1,1,1,1,0,0,20260312,20260612
2019_412341,1,1,1,1,1,0,0,20260615,20261211
2020_412344,1,1,1,1,1,1,1,20260312,20260613
2021_412345,1,1,1,1,1,1,1,20260614,20261212
2022_412349,1,1,1,1,1,0,0,20260312,20260612
2023_412350,1,1,1,1,1,0,0,20260615,20261211
202_409349,1,1,1,1,1,0,0,20260615,20261211
2024_412353,1,1,1,1,1,1,1,20260312,20260613
2025_412354,1,1,1,1,1,1,1,20260614,20261212
2026_412357,1,1,1,1,1,0,0,20260312,20260612
2027_412358,1,1,1,1,1,0,0,20260615,20261211
2028_412361,1,1,1,1,1,0,0,20260312,20260612
2029_412362,0,0,0,0,0,1,1,20260614,20261212
2030_412363,1,1,1,1,1,0,0,20260615,20261211
2031_412367,1,1,1,1,1,1,1,20260312,20260613
2032_412368,1,1,1,1,1,0,0,20260615,20261211
2033_412371,1,1,1,1,1,1,1,20260312,20260613
203_409352,1,1,1,1,1,1,1,20260312,20260315
2034_412372,1,1,1,1,1,1,1,20260614,20261212
2035_412375,1,1,1,1,1,1,1,20260312,20260613
2036_412376,1,1,1,1,1,1,1,20260614,20261212
2037_412379,0,0,0,0,0,1,1,20260312,20260613
2038_412380,0,0,0,0,0,1,1,20260614,20261212
2039_412383,1,1,1,1,1,0,0,20260312,20260612
2040_412384,1,1,1,1,1,0,0,20260615,20261211
20_409062,1,1,1,1,1,1,1,20260516,20260613
2041_412387,1,1,1,1,1,1,1,20260312,20260613
2042_412388,1,1,1,1,1,1,1,20260614,20261212
2043_412391,0,0,0,0,0,1,1,20260312,20260613
204_409353,1,1,1,1,1,1,1,20260316,20260613
2044_412392,0,0,0,0,0,1,1,20260614,20261212
2045_412397,1,1,1,1,1,0,0,20260312,20260612
2046_412398,1,1,1,1,1,0,0,20260615,20261211
2047_412401,1,1,1,1,1,1,1,20260312,20260613
2048_412402,1,1,1,1,1,1,1,20260614,20261212
2049_412405,1,1,1,1,1,1,1,20260312,20260613
2050_412406,1,1,1,1,1,1,1,20260614,20261212
2051_412409,1,1,1,1,1,0,0,20260312,20260612
2052_412410,1,1,1,1,1,0,0,20260615,20261211
2053_412413,1,1,1,1,1,1,1,20260312,20260613
205_409354,1,1,1,1,1,1,1,20260614,20261212
2054_412414,1,1,1,1,1,1,1,20260614,20261212
2055_412418,1,1,1,1,1,0,0,20260312,20260612
2056_412419,1,1,1,1,1,0,0,20260615,20261211
2057_412422,1,1,1,1,1,0,0,20260312,20260612
2058_412423,0,0,0,0,0,1,1,20260614,20261212
2059_412424,1,1,1,1,1,0,0,20260615,20261211
2060_412427,1,1,1,1,1,0,0,20260312,20260612
2061_412428,1,1,1,1,1,0,0,20260615,20261211
2062_412432,1,1,1,1,1,1,1,20260312,20260613
2063_412433,1,1,1,1,1,1,1,20260614,20261212
206_409356,0,0,0,0,0,1,1,20260312,20260613
2064_412435,1,1,1,1,1,1,1,20260312,20260613
2065_412436,1,1,1,1,1,1,1,20260614,20261212
2066_412439,1,1,1,1,1,1,1,20260312,20260613
2067_412440,1,1,1,1,1,1,1,20260614,20261212
2068_412441,1,1,1,1,1,1,1,20260614,20261212
2069_412442,1,1,1,1,1,1,1,20260614,20261212
2070_412443,1,1,1,1,1,1,1,20260614,20261212
2071_412444,1,1,1,1,1,1,1,20260614,20261212
2072_412445,1,1,1,1,1,1,1,20260614,20261212
2073_412446,1,1,1,1,1,1,1,20260614,20261212
207_409357,0,0,0,0,0,1,1,20260614,20261212
2074_412447,1,1,1,1,1,1,1,20260614,20261212
2075_412449,0,0,0,0,0,1,1,20260312,20260613
2076_412450,0,0,0,0,0,1,1,20260614,20261212
2077_412452,1,1,1,1,1,0,0,20260312,20260612
2078_412453,1,1,1,1,1,0,0,20260615,20261211
2079_412455,1,1,1,1,1,0,0,20260312,20260612
2080_412456,1,1,1,1,1,0,0,20260615,20261023
2081_412457,1,1,1,1,1,0,0,20261026,20261211
2082_412459,0,0,0,0,0,1,1,20260312,20260613
2083_412460,0,0,0,0,0,1,1,20260614,20261024
208_409359,1,1,1,1,1,1,1,20260312,20260613
2084_412461,0,0,0,0,0,1,1,20261025,20261212
2085_412464,1,1,1,1,1,1,1,20260312,20260613
2086_412465,1,1,1,1,1,1,1,20260614,20261024
2087_412466,1,1,1,1,1,1,1,20261025,20261212
2088_412468,1,1,1,1,1,0,0,20260312,20260612
2089_412469,1,1,1,1,1,0,0,20260615,20261211
2090_412475,0,0,0,0,0,1,1,20260312,20260613
2091_412476,1,1,1,1,1,0,0,20260312,20260612
2092_412477,0,0,0,0,0,1,1,20260614,20261212
2093_412478,1,1,1,1,1,0,0,20260615,20261211
209_409360,1,1,1,1,1,1,1,20260614,20261212
2094_412482,1,1,1,1,1,1,1,20260312,20260613
2095_412483,1,1,1,1,1,1,1,20260614,20261212
2096_412488,1,1,1,1,1,1,1,20260312,20260613
2097_412489,1,1,1,1,1,1,1,20260614,20261212
2098_412492,1,1,1,1,1,1,1,20260312,20260613
2099_412493,1,1,1,1,1,1,1,20260614,20261212
2100_412502,0,0,0,0,0,1,1,20260312,20260613
2101_412503,1,1,1,1,1,0,0,20260312,20260612
2102_412504,0,0,0,0,0,1,1,20260614,20261212
2103_412505,1,1,1,1,1,0,0,20260615,20261211
210_409361,1,1,1,1,1,1,1,20260614,20261212
2104_412508,1,1,1,1,1,1,1,20260312,20260406
2105_412509,1,1,1,1,1,1,1,20260407,20260613
2106_412510,1,1,1,1,1,1,1,20260614,20261212
2107_412513,1,1,1,1,1,1,1,20260312,20260406
2108_412514,1,1,1,1,1,1,1,20260407,20260412
2109_412515,1,1,1,1,1,1,1,20260413,20260417
2110_412516,1,1,1,1,1,1,1,20260418,20260613
2111_412517,1,1,1,1,1,1,1,20260614,20261212
2112_412521,1,1,1,1,1,1,1,20260312,20260406
2113_412522,1,1,1,1,1,1,1,20260407,20260417
211_409363,0,0,0,0,0,1,1,20260312,20260613
2114_412523,1,1,1,1,1,1,1,20260418,20260613
2115_412524,1,1,1,1,1,1,1,20260614,20261212
2116_412527,1,1,1,1,1,1,1,20260312,20260417
2117_412528,1,1,1,1,1,1,1,20260418,20260613
2118_412529,1,1,1,1,1,1,1,20260614,20261212
2119_412532,1,1,1,1,1,1,1,20260312,20260403
2120_412533,1,1,1,1,1,1,1,20260404,20260406
2121_412534,1,1,1,1,1,1,1,20260407,20260417
2122_412535,1,1,1,1,1,1,1,20260418,20260613
2123_412536,1,1,1,1,1,1,1,20260614,20261212
212_409364,0,0,0,0,0,1,1,20260614,20261212
2124_412538,1,1,1,1,1,1,1,20260312,20260613
2125_412539,1,1,1,1,1,1,1,20260614,20261212
2126_412541,1,1,1,1,1,1,1,20260312,20260418
2127_412542,1,1,1,1,1,1,1,20260419,20260613
2128_412543,1,1,1,1,1,1,1,20260614,20261212
2129_412545,1,1,1,1,1,1,1,20260312,20260515
2130_412546,1,1,1,1,1,1,1,20260516,20260613
2131_412547,1,1,1,1,1,1,1,20260614,20261212
2132_412549,1,1,1,1,1,1,1,20260312,20260613
2133_412550,1,1,1,1,1,1,1,20260614,20261212
213_409366,1,1,1,1,1,0,0,20260312,20260612
2134_412552,0,0,0,0,0,1,1,20260312,20260613
2135_412553,0,0,0,0,0,1,1,20260614,20261212
2136_412555,1,1,1,1,1,0,0,20260312,20260612
2137_412556,1,1,1,1,1,0,0,20260615,20261211
2138_412557,1,1,1,1,1,1,1,20260614,20261212
2139_412558,1,1,1,1,1,1,1,20260614,20261212
2140_412560,1,1,1,1,1,0,0,20260312,20260612
21_409063,1,1,1,1,1,1,1,20260614,20261212
2141_412561,1,1,1,1,1,0,0,20260615,20261211
2142_412563,0,0,0,0,0,1,1,20260312,20260613
2143_412564,0,0,0,0,0,1,1,20260614,20261212
214_409367,1,1,1,1,1,0,0,20260615,20261211
2144_412566,1,1,1,1,1,1,1,20260312,20260613
2145_412567,1,1,1,1,1,1,1,20260614,20261212
2146_412569,0,0,0,0,0,1,1,20260312,20260613
2147_412570,0,0,0,0,0,1,1,20260614,20261212
2148_412572,1,1,1,1,1,0,0,20260312,20260612
2149_412573,1,1,1,1,1,0,0,20260615,20261211
2150_412575,1,1,1,1,1,1,1,20260312,20260613
2151_412576,1,1,1,1,1,1,1,20260614,20261212
2152_412581,0,0,0,0,0,1,1,20260312,20260613
2153_412582,1,1,1,1,1,0,0,20260312,20260612
215_409369,0,0,0,0,0,1,1,20260312,20261212
2154_412583,0,0,0,0,0,1,1,20260614,20261212
2155_412584,1,1,1,1,1,0,0,20260615,20261211
2156_412585,0,0,0,0,0,1,1,20260418,20260613
2157_412586,0,0,0,0,0,1,1,20260614,20260927
2158_412588,1,1,1,1,1,0,0,20260312,20260612
2159_412589,1,1,1,1,1,0,0,20260615,20261211
2160_412591,0,0,0,0,0,1,1,20260312,20260613
2161_412592,0,0,0,0,0,1,1,20260614,20261212
2162_412596,0,0,0,0,0,1,1,20260312,20260314
2163_412597,1,1,1,1,1,1,1,20260312,20260313
216_409371,1,1,1,1,1,0,0,20260312,20261211
2164_412598,0,0,0,0,0,1,1,20260315,20260613
2165_412599,1,1,1,1,1,0,0,20260316,20260612
2166_412600,1,1,1,1,1,1,1,20260614,20261212
2167_412602,1,1,1,1,1,1,1,20260312,20260613
2168_412603,1,1,1,1,1,1,1,20260614,20261212
2169_412605,1,1,1,1,1,0,0,20260312,20260612
2170_412606,1,1,1,1,1,1,1,20260614,20261212
2171_412608,0,0,0,0,0,1,1,20260312,20260613
2172_412609,1,1,1,1,1,0,0,20260615,20261211
2173_412611,1,1,1,1,1,1,1,20260312,20260613
217_409373,1,1,1,1,1,1,1,20260312,20260613
2174_412612,0,0,0,0,0,1,1,20260614,20261212
2175_412614,1,1,1,1,1,1,1,20260312,20260613
2176_412615,1,1,1,1,1,1,1,20260614,20261212
2177_412617,1,1,1,1,1,1,1,20260312,20260613
2178_412618,1,1,1,1,1,1,1,20260614,20261212
2179_412620,1,1,1,1,1,1,1,20260312,20260613
2180_412621,1,1,1,1,1,1,1,20260614,20261212
2181_412623,1,1,1,1,1,1,1,20260312,20260613
2182_412624,1,1,1,1,1,1,1,20260614,20261212
2183_412626,1,1,1,1,1,1,1,20260312,20260613
218_409374,1,1,1,1,1,1,1,20260614,20261212
2184_412627,1,1,1,1,1,1,1,20260614,20261212
2185_412629,1,1,1,1,1,1,1,20260312,20260613
2186_412630,1,1,1,1,1,1,1,20260614,20261212
2187_412632,1,1,1,1,1,1,1,20260312,20260613
2188_412633,1,1,1,1,1,1,1,20260614,20261212
2189_412635,1,1,1,1,1,1,1,20260312,20260613
2190_412636,1,1,1,1,1,1,1,20260614,20261212
2191_412638,1,1,1,1,1,1,1,20260312,20260613
2192_412639,1,1,1,1,1,1,1,20260614,20261212
2193_412641,1,1,1,1,1,1,1,20260312,20260613
219_409377,0,0,0,0,0,1,1,20260312,20260613
2194_412642,1,1,1,1,1,1,1,20260614,20261212
2195_412644,1,1,1,1,1,1,1,20260312,20260613
2196_412646,1,1,1,1,1,1,1,20260312,20260613
2197_412648,1,1,1,1,1,1,1,20260312,20260613
2198_412650,1,1,1,1,1,1,1,20260312,20260613
2199_412652,1,1,1,1,1,1,1,20260312,20260613
2200_412653,1,1,1,1,1,1,1,20260614,20261212
2201_412654,1,1,1,1,1,1,1,20260614,20261212
2202_412655,1,1,1,1,1,1,1,20260614,20261212
2203_412656,1,1,1,1,1,1,1,20260614,20261212
220_409378,1,1,1,1,1,0,0,20260312,20261211
2204_412657,1,1,1,1,1,1,1,20260614,20261212
2205_412658,0,0,0,0,0,0,1,20260621,20260830
221_409379,0,0,0,0,0,1,1,20260614,20261212
222_409381,1,1,1,1,1,1,1,20260312,20260613
223_409382,1,1,1,1,1,1,1,20260614,20261212
22_409066,1,1,1,1,1,1,1,20260312,20260425
224_409385,1,1,1,1,1,0,0,20260312,20260612
225_409386,1,1,1,1,1,0,0,20260615,20261211
226_409388,0,0,0,0,0,1,1,20260312,20260613
227_409389,0,0,0,0,0,1,1,20260614,20261212
228_409392,0,0,0,0,0,1,1,20260312,20261212
229_409393,1,1,1,1,1,0,0,20260312,20261211
230_409395,0,0,0,0,0,1,1,20260312,20260613
231_409397,1,1,1,1,1,1,1,20260312,20260613
232_409398,1,1,1,1,1,1,1,20260614,20261212
233_409401,1,1,1,1,1,0,0,20260312,20260612
23_409067,1,1,1,1,1,1,1,20260426,20260515
234_409402,1,1,1,1,1,0,0,20260615,20261211
235_409404,0,0,0,0,0,1,1,20260312,20260613
236_409405,0,0,0,0,0,1,1,20260614,20261212
237_409407,1,1,1,1,1,0,0,20260312,20260612
238_409408,1,1,1,1,1,0,0,20260615,20261211
239_409410,1,1,1,1,1,0,0,20260312,20260612
240_409411,1,1,1,1,1,0,0,20260615,20261211
2_409037,1,1,1,1,1,1,1,20260614,20261212
241_409413,1,1,1,1,1,1,1,20260312,20260613
242_409414,1,1,1,1,1,1,1,20260614,20261212
243_409417,1,1,1,1,1,0,0,20260312,20260612
24_409068,1,1,1,1,1,1,1,20260516,20260613
244_409418,1,1,1,1,1,0,0,20260615,20261211
245_409420,0,0,0,0,0,1,1,20260312,20260613
246_409421,0,0,0,0,0,1,1,20260614,20261212
247_409423,1,1,1,1,1,0,0,20260312,20260612
248_409424,1,1,1,1,1,0,0,20260615,20261211
249_409426,1,1,1,1,1,1,1,20260312,20260613
250_409427,1,1,1,1,1,1,1,20260614,20261212
251_409429,1,1,1,1,1,1,1,20260312,20260613
252_409430,1,1,1,1,1,1,1,20260614,20261212
253_409432,1,1,1,1,1,0,0,20260312,20261211
25_409069,1,1,1,1,1,1,1,20260614,20261212
254_409434,0,0,0,0,0,1,1,20260312,20261212
255_409436,0,0,0,0,0,1,1,20260312,20260613
256_409437,0,0,0,0,0,1,1,20260614,20261212
257_409440,1,1,1,1,1,0,0,20260312,20260612
258_409441,1,1,1,1,1,0,0,20260615,20261211
259_409443,1,1,1,1,1,1,1,20260312,20261212
260_409444,1,1,1,1,1,0,0,20260312,20260612
261_409447,1,1,1,1,1,1,1,20260312,20261212
262_409449,0,0,0,0,0,1,1,20260312,20261212
263_409452,1,1,1,1,1,0,0,20260312,20261211
26_409071,0,0,0,0,0,1,1,20260312,20260425
264_409454,1,1,1,1,1,1,1,20260312,20261212
265_409456,1,1,1,1,1,0,0,20260312,20260612
266_409457,1,1,1,1,1,0,0,20260615,20261211
267_409460,0,0,0,0,0,1,1,20260312,20260613
268_409464,1,1,1,1,1,1,1,20260312,20260613
269_409465,1,1,1,1,1,1,1,20260614,20261212
270_409467,1,1,1,1,1,1,1,20260312,20260613
271_409468,1,1,1,1,1,1,1,20260614,20261212
272_409470,0,0,0,0,0,1,1,20260312,20260613
273_409471,0,0,0,0,0,1,1,20260614,20261212
27_409072,0,0,0,0,1,1,1,20260426,20260510
274_409473,1,1,1,1,1,0,0,20260312,20260612
275_409474,1,1,1,1,1,0,0,20260615,20261211
276_409476,1,1,1,1,1,1,1,20260312,20260330
277_409477,1,1,1,1,1,1,1,20260331,20260613
278_409478,1,1,1,1,1,1,1,20260614,20261212
279_409481,0,0,0,0,0,1,1,20260312,20260613
280_409482,1,1,1,1,1,0,0,20260312,20260612
281_409483,1,1,1,1,1,0,0,20260615,20261211
282_409485,1,1,1,1,1,1,1,20260312,20260613
283_409486,1,1,1,1,1,1,1,20260614,20261212
28_409073,1,1,1,1,1,1,1,20260516,20260613
284_409488,1,1,1,1,1,0,0,20260312,20260612
285_409489,1,1,1,1,1,0,0,20260615,20261211
286_409491,0,0,0,0,0,1,1,20260312,20260613
287_409492,1,1,1,1,1,1,1,20260614,20261212
288_409494,1,1,1,1,1,1,1,20260312,20260613
289_409495,1,1,1,1,1,0,0,20260615,20261211
290_409497,1,1,1,1,1,0,0,20260312,20260612
291_409498,1,1,1,1,1,1,1,20260614,20261212
292_409500,1,1,1,1,1,1,1,20260312,20260613
293_409502,1,1,1,1,1,1,1,20260312,20260613
29_409074,1,1,1,1,1,1,1,20260614,20261028
294_409503,1,1,1,1,1,1,1,20260614,20261212
295_409505,0,0,0,0,0,1,1,20260312,20260613
296_409506,1,1,1,1,1,0,0,20260323,20260612
297_409507,1,1,1,1,1,1,1,20260614,20261212
298_409510,0,0,0,0,0,1,1,20260312,20260613
299_409511,1,1,1,1,1,0,0,20260312,20260612
300_409512,0,0,0,0,0,1,1,20260614,20261212
301_409513,1,1,1,1,1,0,0,20260615,20261211
302_409515,1,1,1,1,1,0,0,20260312,20260612
303_409516,1,1,1,1,1,1,1,20260614,20261212
30_409077,0,0,0,0,0,1,1,20260312,20260425
304_409518,1,1,1,1,1,1,1,20260312,20260613
305_409519,1,1,1,1,1,1,1,20260614,20261212
306_409521,0,0,0,0,0,1,1,20260312,20260321
307_409522,0,0,0,0,0,1,1,20260322,20260613
308_409523,0,0,0,0,0,1,1,20260614,20261212
309_409525,1,1,1,1,1,0,0,20260312,20260612
310_409531,1,1,1,1,1,1,1,20260312,20260613
311_409532,1,1,1,1,1,1,1,20260614,20261212
312_409534,1,1,1,1,1,1,1,20260312,20260613
313_409535,1,1,1,1,1,1,1,20260614,20261212
31_409078,0,0,0,0,1,1,1,20260426,20260510
314_409536,1,1,1,1,1,0,0,20260312,20260612
315_409537,1,1,1,1,1,0,0,20260615,20261211
316_409538,1,1,1,1,1,1,1,20260312,20260315
317_409540,1,1,1,1,1,1,1,20260316,20260613
318_409541,1,1,1,1,1,1,1,20260614,20261212
319_409543,1,1,1,1,1,1,1,20260312,20260613
320_409544,1,1,1,1,1,1,1,20260614,20261212
321_409547,1,1,1,1,1,1,1,20260312,20260315
322_409548,1,1,1,1,1,1,1,20260316,20260613
323_409549,1,1,1,1,1,1,1,20260614,20261212
32_409079,1,1,1,1,1,1,1,20260516,20260613
324_409554,1,1,1,1,1,1,1,20260312,20260313
325_409555,1,1,1,1,1,0,0,20260316,20260612
326_409556,1,1,1,1,1,0,0,20260615,20261211
327_409560,1,1,1,1,1,1,1,20260314,20260315
328_409561,0,0,0,0,0,1,1,20260321,20260613
329_409562,0,0,0,0,0,1,1,20260614,20261212
330_409564,1,1,1,1,1,1,1,20260312,20260613
331_409565,1,1,1,1,1,1,1,20260614,20261212
332_409567,1,1,1,1,1,1,1,20260312,20260613
333_409568,1,1,1,1,1,1,1,20260614,20261212
33_409080,1,1,1,1,1,1,1,20260614,20261028
334_409570,1,1,1,1,1,1,1,20260312,20260315
335_409571,1,1,1,1,1,1,1,20260316,20260613
336_409572,1,1,1,1,1,1,1,20260614,20261212
337_409574,0,0,0,0,0,1,1,20260312,20260613
338_409575,0,0,0,0,0,1,1,20260614,20261212
339_409577,1,1,1,1,1,0,0,20260312,20260612
340_409578,1,1,1,1,1,0,0,20260615,20261211
3_409038,1,1,1,1,1,1,1,20260312,20261212
341_409580,1,1,1,1,1,1,1,20260312,20260613
342_409581,1,1,1,1,1,1,1,20260614,20261212
343_409583,1,1,1,1,1,1,1,20260312,20261212
34_409082,1,1,1,1,1,1,1,20260312,20260425
344_409584,1,1,1,1,1,1,1,20260312,20260613
345_409585,1,1,1,1,1,1,1,20260614,20261212
346_409590,1,1,1,1,1,1,1,20260312,20260315
347_409591,1,1,1,1,1,1,1,20260316,20260613
348_409592,1,1,1,1,1,1,1,20260614,20261212
349_409594,1,1,1,1,1,1,1,20260312,20260613
350_409595,1,1,1,1,1,1,1,20260614,20261212
351_409597,1,1,1,1,1,1,1,20260312,20260613
352_409598,1,1,1,1,1,1,1,20260614,20261212
353_409601,1,1,1,1,1,1,1,20260312,20260315
35_409083,1,1,1,1,1,1,1,20260426,20260515
354_409602,1,1,1,1,1,1,1,20260316,20260613
355_409603,1,1,1,1,1,1,1,20260614,20261212
356_409605,0,0,0,0,0,1,1,20260312,20260613
357_409606,0,0,0,0,0,1,1,20260614,20261212
358_409608,1,1,1,1,1,0,0,20260312,20260612
359_409609,1,1,1,1,1,0,0,20260615,20261211
360_409614,1,1,1,1,1,1,1,20260312,20260315
361_409615,1,1,1,1,1,1,1,20260316,20260613
362_409616,1,1,1,1,1,1,1,20260614,20261212
363_409618,1,1,1,1,1,1,1,20260312,20260613
36_409084,1,1,1,1,1,1,1,20260516,20260613
364_409619,1,1,1,1,1,1,1,20260614,20261212
365_409621,1,1,1,1,1,1,1,20260312,20260613
366_409622,1,1,1,1,1,1,1,20260614,20261212
367_409624,1,1,1,1,1,1,1,20260312,20260315
368_409625,1,1,1,1,1,1,1,20260316,20260613
369_409626,1,1,1,1,1,1,1,20260614,20261212
370_409630,1,1,1,1,1,1,1,20260312,20261212
371_409632,1,1,1,1,1,0,0,20260312,20260626
372_409633,1,1,1,1,1,0,0,20260901,20261211
373_409635,0,0,0,0,0,1,1,20260312,20260613
37_409085,1,1,1,1,1,1,1,20260614,20261212
374_409636,0,0,0,0,0,1,1,20260614,20261212
375_409637,1,1,1,1,1,1,1,20260312,20260613
376_409638,1,1,1,1,1,1,1,20260614,20261212
377_409640,1,1,1,1,1,1,1,20260312,20260613
378_409641,1,1,1,1,1,1,1,20260614,20261212
379_409644,1,1,1,1,1,1,1,20260614,20261212
380_409645,1,1,1,1,1,1,1,20260312,20260613
381_409649,1,1,1,1,1,0,0,20260615,20260626
382_409650,1,1,1,1,1,0,0,20260901,20261211
383_409652,0,0,0,0,0,1,1,20260312,20260613
38_409088,1,1,1,1,1,1,1,20260312,20260425
384_409653,0,0,0,0,0,1,1,20260614,20261212
385_409654,1,1,1,1,1,0,0,20260312,20260612
386_409657,1,1,1,1,1,1,1,20260312,20260613
387_409658,1,1,1,1,1,1,1,20260614,20261212
388_409659,0,0,0,0,0,1,1,20260312,20260613
389_409660,1,1,1,1,1,0,0,20260312,20260612
390_409661,0,0,0,0,0,1,1,20260614,20261212
391_409662,1,1,1,1,1,0,0,20260615,20261211
392_409663,0,0,0,0,0,1,1,20260312,20260613
393_409664,1,1,1,1,1,0,0,20260312,20260612
39_409089,1,1,1,1,1,1,1,20260426,20260515
394_409665,0,0,0,0,0,1,1,20260614,20261212
395_409666,1,1,1,1,1,0,0,20260615,20261211
396_409667,1,1,1,1,1,1,1,20260312,20260613
397_409668,1,1,1,1,1,1,1,20260614,20261212
398_409669,1,1,1,1,1,1,1,20260312,20260613
399_409670,1,1,1,1,1,1,1,20260614,20261212
400_409672,1,1,1,1,1,0,0,20260312,20260612
401_409673,1,1,1,1,1,0,0,20260615,20261211
402_409674,1,1,1,1,1,1,1,20260312,20260613
403_409675,1,1,1,1,1,1,1,20260614,20261212
40_409090,1,1,1,1,1,1,1,20260517,20260613
404_409677,1,1,1,1,1,1,1,20260312,20260613
405_409678,1,1,1,1,1,1,1,20260614,20261212
406_409680,1,1,1,1,1,1,1,20260312,20260613
407_409681,1,1,1,1,1,1,1,20260614,20261212
408_409684,0,0,0,0,0,1,1,20260312,20260613
409_409685,1,1,1,1,1,0,0,20260312,20260612
410_409686,0,0,0,0,0,1,1,20260614,20261212
411_409687,1,1,1,1,1,0,0,20260615,20261211
412_409688,0,0,0,0,0,1,1,20260312,20260613
413_409689,1,1,1,1,1,0,0,20260312,20260612
41_409091,1,1,1,1,1,1,1,20260614,20261212
414_409690,0,0,0,0,0,1,1,20260614,20261212
415_409691,1,1,1,1,1,0,0,20260615,20261211
416_409692,1,1,1,1,1,1,1,20260312,20260613
417_409693,1,1,1,1,1,1,1,20260614,20261212
418_409694,1,1,1,1,1,1,1,20260312,20260613
419_409695,1,1,1,1,1,1,1,20260614,20261212
420_409696,1,1,1,1,1,0,0,20260312,20260612
421_409697,1,1,1,1,1,0,0,20260615,20261211
422_409699,1,1,1,1,1,1,1,20260312,20260613
423_409700,1,1,1,1,1,1,1,20260614,20261212
42_409093,0,0,0,0,0,1,1,20260312,20260425
424_409702,1,1,1,1,1,1,1,20260312,20260613
425_409703,1,1,1,1,1,1,1,20260614,20261212
426_409705,1,1,1,1,1,1,1,20260312,20260613
427_409706,1,1,1,1,1,1,1,20260614,20261212
428_409723,0,0,0,0,0,1,1,20260312,20260613
429_409724,1,1,1,1,1,0,0,20260312,20260612
430_409725,0,0,0,0,0,1,1,20260614,20261212
431_409726,1,1,1,1,1,0,0,20260615,20261211
432_409727,1,1,1,1,1,0,0,20260615,20261211
433_409735,1,1,1,1,1,0,0,20260312,20260612
43_409094,0,0,0,0,1,1,1,20260426,20260510
434_409736,1,1,1,1,1,0,0,20260615,20261211
435_409738,0,0,0,0,0,1,1,20260312,20260613
436_409739,0,0,0,0,0,1,1,20260614,20261212
437_409741,1,1,1,1,1,0,0,20260312,20260612
438_409742,1,1,1,1,1,0,0,20260615,20261211
439_409744,0,0,0,0,0,1,1,20260312,20260613
440_409745,0,0,0,0,0,1,1,20260614,20261212
4_409041,1,1,1,1,1,0,0,20260615,20260626
441_409746,0,0,0,0,0,1,1,20260614,20261212
442_409748,1,1,1,1,1,0,0,20260312,20260415
443_409749,1,1,1,1,1,0,0,20260416,20260611
44_409095,1,1,1,1,1,1,1,20260516,20260613
444_409750,1,1,1,1,1,1,1,20260612,20260612
445_409751,1,1,1,1,1,0,0,20260615,20261211
446_409753,1,1,1,1,1,0,0,20260312,20260612
447_409754,1,1,1,1,1,0,0,20260615,20261211
448_409756,0,0,0,0,0,1,1,20260312,20260613
449_409757,0,0,0,0,0,1,1,20260614,20261212
450_409759,1,1,1,1,1,1,1,20260312,20260613
451_409760,1,1,1,1,1,1,1,20260614,20261212
452_409761,1,1,1,1,1,1,1,20260614,20261212
453_409763,1,1,1,1,1,0,0,20260312,20260415
45_409096,1,1,1,1,1,1,1,20260614,20261028
454_409764,1,1,1,1,1,0,0,20260416,20260611
455_409765,1,1,1,1,1,1,1,20260612,20260612
456_409766,1,1,1,1,1,0,0,20260615,20261211
457_409768,0,0,0,0,0,1,1,20260312,20260613
458_409769,0,0,0,0,0,1,1,20260614,20261212
459_409770,1,1,1,1,1,1,1,20260614,20261212
460_409771,1,1,1,1,1,1,1,20260614,20261212
461_409772,1,1,1,1,1,1,1,20260614,20261212
462_409776,1,1,1,1,1,0,0,20260312,20260415
463_409777,1,1,1,1,1,0,0,20260416,20260611
46_409099,0,0,0,0,0,1,1,20260312,20260425
464_409778,1,1,1,1,1,1,1,20260612,20260612
465_409779,1,1,1,1,1,0,0,20260615,20261211
466_409781,0,0,0,0,0,1,1,20260312,20260412
467_409782,0,0,0,0,0,1,1,20260418,20260607
468_409783,1,1,1,1,1,1,1,20260613,20260613
469_409784,0,0,0,0,0,1,1,20260614,20261212
470_409791,0,0,0,0,0,1,1,20260312,20260613
471_409792,0,0,0,0,0,1,1,20260614,20261212
472_409794,0,0,0,0,0,1,1,20260312,20260613
473_409795,0,0,0,0,0,1,1,20260614,20261212
47_409100,0,0,0,0,1,1,1,20260426,20260510
474_409796,1,1,1,1,1,0,0,20260615,20261211
475_409803,0,0,0,0,0,1,1,20260312,20260613
476_409804,0,0,0,0,0,1,1,20260614,20261212
477_409805,1,1,1,1,1,1,1,20260614,20261212
478_409806,1,1,1,1,1,1,1,20260614,20261212
479_409809,0,0,0,0,0,1,1,20260312,20260613
480_409810,1,1,1,1,1,0,0,20260312,20260612
481_409811,0,0,0,0,0,1,1,20260614,20261212
482_409812,1,1,1,1,1,0,0,20260615,20261211
483_409816,1,1,1,1,1,1,1,20260312,20260613
48_409101,1,1,1,1,1,1,1,20260516,20260613
484_409817,1,1,1,1,1,1,1,20260614,20261212
485_409819,1,1,1,1,1,1,1,20260312,20260612
486_409821,1,1,1,1,1,0,0,20260312,20260612
487_409822,1,1,1,1,1,0,0,20260615,20261211
488_409824,1,1,1,1,1,0,0,20260312,20260612
489_409825,1,1,1,1,1,0,0,20260615,20261211
490_409827,1,1,1,1,1,1,1,20260312,20260613
491_409828,1,1,1,1,1,1,1,20260614,20261212
492_409830,1,1,1,1,1,1,1,20260312,20260613
493_409831,1,1,1,1,1,1,1,20260614,20261212
49_409102,1,1,1,1,1,1,1,20260614,20261028
494_409835,0,0,0,0,0,1,1,20260312,20260613
495_409836,1,1,1,1,1,0,0,20260312,20260612
496_409837,0,0,0,0,0,1,1,20260614,20261212
497_409838,1,1,1,1,1,0,0,20260615,20261211
498_409840,1,1,1,1,1,0,0,20260312,20260612
499_409841,1,1,1,1,1,0,0,20260615,20261211
500_409843,1,1,1,1,1,0,0,20260312,20260612
501_409844,1,1,1,1,1,0,0,20260615,20261211
502_409846,1,1,1,1,1,0,0,20260312,20260612
503_409847,1,1,1,1,1,0,0,20260615,20261211
50_409104,0,0,0,0,0,1,1,20260312,20260425
504_409849,1,1,1,1,1,1,1,20260312,20260613
505_409850,1,1,1,1,1,1,1,20260614,20261212
506_409852,1,1,1,1,1,1,1,20260312,20260613
507_409853,1,1,1,1,1,1,1,20260614,20261212
508_409857,0,0,0,0,0,1,1,20260312,20260613
509_409858,1,1,1,1,1,0,0,20260312,20260612
510_409859,0,0,0,0,0,1,1,20260614,20261212
511_409860,1,1,1,1,1,0,0,20260615,20261211
512_409862,1,1,1,1,1,0,0,20260312,20260612
513_409863,1,1,1,1,1,0,0,20260615,20261211
51_409105,0,0,0,0,1,1,1,20260426,20260510
514_409864,1,1,1,1,1,1,1,20260312,20260613
515_409866,0,0,0,0,0,1,1,20260312,20260613
516_409867,0,0,0,0,0,1,1,20260704,20260830
517_409868,0,0,0,0,0,1,1,20260704,20260830
518_409869,0,0,0,0,0,1,1,20260704,20260830
519_409870,0,0,0,0,0,1,1,20260704,20260830
520_409873,0,0,0,0,0,1,1,20260312,20260613
521_409874,0,0,0,0,0,1,1,20260704,20260830
522_409875,0,0,0,0,0,1,1,20260704,20260927
523_409876,0,0,0,0,0,1,1,20260704,20260830
52_409106,1,1,1,1,1,1,1,20260516,20260613
524_409877,0,0,0,0,0,1,1,20260704,20260830
525_409878,1,1,1,1,1,1,1,20260312,20261212
526_409879,1,1,1,1,1,1,1,20260614,20261212
527_409882,1,1,1,1,1,1,1,20260312,20260430
528_409883,1,1,1,1,1,1,1,20260501,20260527
529_409884,1,1,1,1,1,1,1,20260528,20260613
530_409885,1,1,1,1,1,1,1,20260614,20261212
531_409888,1,1,1,1,1,1,1,20260312,20260415
532_409889,1,1,1,1,1,1,1,20260416,20260611
533_409890,1,1,1,1,1,1,1,20260612,20260613
53_409107,1,1,1,1,1,1,1,20260614,20261028
534_409891,1,1,1,1,1,1,1,20260614,20261212
535_409893,1,1,1,1,1,1,1,20260312,20260613
536_409894,1,1,1,1,1,1,1,20260316,20260320
537_409895,1,1,1,1,1,1,1,20260614,20261212
538_409897,0,0,0,0,0,1,1,20260312,20260412
539_409898,0,0,0,0,0,1,1,20260418,20260607
540_409899,1,1,1,1,1,1,1,20260613,20260613
5_409042,1,1,1,1,1,0,0,20260901,20261211
541_409900,0,0,0,0,0,1,1,20260614,20261212
542_409904,1,1,1,1,1,1,1,20260312,20260313
543_409905,1,1,1,1,1,1,1,20260316,20260320
54_409110,0,0,0,0,0,1,1,20260312,20260425
544_409906,1,1,1,1,1,0,0,20260323,20260612
545_409907,1,1,1,1,1,0,0,20260615,20261211
546_409909,1,1,1,1,1,1,1,20260312,20260415
547_409910,1,1,1,1,1,1,1,20260416,20260611
548_409911,1,1,1,1,1,1,1,20260612,20261212
549_409914,0,0,0,0,0,1,1,20260312,20260412
550_409915,1,1,1,1,1,1,1,20260312,20260313
551_409916,1,1,1,1,1,1,1,20260316,20260320
552_409917,1,1,1,1,1,0,0,20260323,20260415
553_409918,1,1,1,1,1,0,0,20260416,20260611
55_409111,0,0,0,0,1,1,1,20260426,20260510
554_409919,0,0,0,0,0,1,1,20260418,20260607
555_409920,1,1,1,1,1,1,1,20260612,20260612
556_409921,1,1,1,1,1,1,1,20260613,20260613
557_409922,0,0,0,0,0,1,1,20260614,20261212
558_409923,1,1,1,1,1,0,0,20260615,20261211
559_409925,1,1,1,1,1,1,1,20260312,20260420
560_409926,1,1,1,1,1,1,1,20260312,20260313
561_409927,1,1,1,1,1,1,1,20260319,20260320
562_409928,1,1,1,1,1,1,1,20260327,20260329
563_409929,1,1,1,1,1,1,1,20260421,20260530
56_409112,1,1,1,1,1,1,1,20260516,20260613
564_409930,1,1,1,1,1,1,1,20260531,20260613
565_409931,1,1,1,1,1,1,1,20260614,20261212
566_409933,1,1,1,1,1,0,0,20260312,20260612
567_409934,1,1,1,1,1,0,0,20260615,20261211
568_409935,0,0,0,0,0,1,1,20260411,20260613
569_409937,1,1,1,1,1,1,1,20260312,20260613
570_409938,1,1,1,1,1,1,1,20260614,20261212
571_409940,1,1,1,1,1,0,0,20260312,20260612
572_409941,1,1,1,1,1,0,0,20260615,20261211
573_409942,0,0,0,0,0,1,1,20260614,20261212
57_409113,1,1,1,1,1,1,1,20260614,20261028
574_409943,1,1,1,1,1,0,0,20260615,20261211
575_409944,0,0,0,0,0,1,1,20260411,20260613
576_409945,0,0,0,0,0,1,1,20260614,20261212
577_409946,1,1,1,1,1,0,0,20260312,20260612
578_409947,1,1,1,1,1,1,1,20260312,20261212
579_409948,1,1,1,1,1,1,1,20260312,20261212
580_409950,1,1,1,1,1,1,1,20260312,20260613
581_409951,1,1,1,1,1,1,1,20260614,20261212
582_409953,1,1,1,1,1,1,1,20260312,20260613
583_409954,1,1,1,1,1,1,1,20260614,20261212
58_409115,0,0,0,0,0,1,1,20260312,20260425
584_409958,1,1,1,1,1,1,1,20260312,20260430
585_409959,1,1,1,1,1,1,1,20260501,20260613
586_409960,1,1,1,1,1,1,1,20260614,20261212
587_409964,1,1,1,1,1,1,1,20260312,20260613
588_409965,1,1,1,1,1,1,1,20260614,20261212
589_409966,0,0,0,0,0,1,1,20260411,20260613
590_409967,0,0,0,0,0,1,1,20260411,20260613
591_409968,1,1,1,1,1,1,1,20260407,20260613
592_409970,1,1,1,1,1,0,0,20260312,20260612
593_409972,1,1,1,1,1,1,1,20260312,20260613
59_409116,0,0,0,0,1,1,1,20260426,20260510
594_409973,1,1,1,1,1,1,1,20260614,20261212
595_409974,1,1,1,1,1,1,1,20260312,20261212
596_409975,1,1,1,1,1,1,1,20260407,20260613
597_409976,1,1,1,1,1,0,0,20260615,20261211
598_409977,0,0,0,0,0,1,1,20260411,20260613
599_409978,0,0,0,0,0,1,1,20260411,20260613
600_409981,1,1,1,1,1,1,1,20260312,20260315
601_409982,1,1,1,1,1,1,1,20260316,20260415
602_409983,1,1,1,1,1,0,0,20260416,20260611
603_409984,0,0,0,0,0,1,1,20260418,20260607
60_409117,1,1,1,1,1,1,1,20260516,20260613
604_409985,1,1,1,1,1,1,1,20260612,20260613
605_409986,1,1,1,1,1,1,1,20260614,20261212
606_409988,1,1,1,1,1,0,0,20260312,20260612
607_409989,1,1,1,1,1,0,0,20260615,20261211
608_409991,0,0,0,0,0,1,1,20260312,20260315
609_409992,0,0,0,0,0,1,1,20260321,20260412
610_409993,0,0,0,0,0,1,1,20260418,20260607
611_409994,1,1,1,1,1,1,1,20260613,20260613
612_409995,0,0,0,0,0,1,1,20260614,20261212
613_409998,1,1,1,1,1,1,1,20260312,20260415
61_409118,1,1,1,1,1,1,1,20260614,20261212
614_409999,1,1,1,1,1,1,1,20260416,20260611
615_410000,1,1,1,1,1,1,1,20260612,20260613
616_410001,1,1,1,1,1,1,1,20260614,20261212
617_410003,1,1,1,1,1,1,1,20260312,20260415
618_410004,1,1,1,1,1,1,1,20260416,20260611
619_410005,1,1,1,1,1,1,1,20260612,20260613
620_410006,1,1,1,1,1,1,1,20260614,20261212
621_410008,0,0,0,0,0,1,1,20260312,20260412
622_410009,0,0,0,0,0,1,1,20260418,20260607
623_410010,1,1,1,1,1,1,1,20260613,20260613
62_409121,0,0,0,0,0,1,1,20260312,20260425
624_410011,0,0,0,0,0,1,1,20260614,20261212
625_410014,1,1,1,1,1,1,1,20260312,20260613
626_410015,1,1,1,1,1,1,1,20260614,20261212
627_410018,1,1,1,1,1,1,1,20260312,20260613
628_410019,1,1,1,1,1,1,1,20260614,20261212
629_410022,0,0,0,0,0,1,1,20260312,20260613
630_410023,1,1,1,1,1,0,0,20260312,20260612
631_410024,1,1,1,1,1,0,0,20260615,20261211
632_410027,1,1,1,1,1,0,0,20260312,20260612
633_410028,1,1,1,1,1,0,0,20260615,20261211
63_409122,0,0,0,0,1,1,1,20260426,20260510
634_410030,1,1,1,1,1,1,1,20260312,20260613
635_410031,1,1,1,1,1,1,1,20260614,20261212
636_410033,1,1,1,1,1,0,0,20260312,20260612
637_410034,1,1,1,1,1,0,0,20260615,20261211
638_410036,1,1,1,1,1,1,1,20260312,20260613
639_410037,1,1,1,1,1,1,1,20260614,20261212
640_410040,0,0,0,0,0,1,1,20260312,20260412
6_409044,0,0,0,0,0,1,1,20260312,20260613
641_410041,1,1,1,1,1,0,0,20260312,20260403
642_410042,1,1,1,1,1,0,0,20260407,20260520
643_410043,0,0,0,0,0,1,1,20260418,20260510
64_409123,1,1,1,1,1,1,1,20260516,20260613
644_410044,0,0,0,0,0,1,1,20260516,20260613
645_410045,1,1,1,1,1,0,0,20260521,20260612
646_410046,0,0,0,0,0,1,1,20260614,20261212
647_410047,1,1,1,1,1,0,0,20260615,20261211
648_410049,1,1,1,1,1,0,0,20260312,20260612
649_410050,1,1,1,1,1,0,0,20260615,20261211
650_410058,0,0,0,0,0,1,1,20260312,20260613
651_410059,0,0,0,0,0,1,1,20260614,20261212
652_410061,1,1,1,1,1,0,0,20260312,20260612
653_410062,1,1,1,1,1,0,0,20260615,20261211
65_409124,1,1,1,1,1,1,1,20260614,20261212
654_410073,1,1,1,1,1,1,1,20260312,20260613
655_410074,1,1,1,1,1,1,1,20260614,20261212
656_410076,1,1,1,1,1,1,1,20260312,20260613
657_410077,1,1,1,1,1,1,1,20260614,20261212
658_410085,0,0,0,0,0,1,1,20260312,20260613
659_410086,1,1,1,1,1,1,1,20260329,20260329
660_410087,0,0,0,0,0,1,1,20260614,20261212
661_410088,0,0,0,0,0,1,1,20260312,20260613
662_410089,0,0,0,0,0,1,1,20260614,20261212
663_410091,1,1,1,1,1,1,1,20260312,20260613
66_409126,1,1,1,1,1,1,1,20260312,20260425
664_410092,1,1,1,1,1,1,1,20260614,20261212
665_410093,1,1,1,1,1,0,0,20260312,20260612
666_410095,1,1,1,1,1,0,0,20260615,20261211
667_410097,1,1,1,1,1,1,1,20260312,20260613
668_410098,1,1,1,1,1,1,1,20260614,20261212
669_410101,0,0,0,0,0,1,1,20260312,20260613
670_410102,1,1,1,1,1,0,0,20260312,20260612
671_410103,0,0,0,0,0,1,1,20260614,20261212
672_410104,1,1,1,1,1,0,0,20260615,20261211
673_410106,1,1,1,1,1,0,0,20260312,20260612
67_409127,1,1,1,1,1,1,1,20260426,20260515
674_410107,1,1,1,1,1,0,0,20260615,20261211
675_410109,0,0,0,0,0,1,1,20260312,20260613
676_410110,0,0,0,0,0,1,1,20260614,20261212
677_410113,0,0,0,0,0,1,1,20260312,20260613
678_410114,1,1,1,1,1,0,0,20260312,20260612
679_410115,0,0,0,0,0,1,1,20260614,20261212
680_410116,1,1,1,1,1,0,0,20260615,20261211
681_410118,1,1,1,1,1,1,1,20260312,20260613
682_410119,1,1,1,1,1,1,1,20260614,20261212
683_410120,1,1,1,1,1,1,1,20261017,20261017
68_409128,1,1,1,1,1,1,1,20260516,20260613
684_410122,1,1,1,1,1,1,1,20260413,20260416
685_410123,1,1,1,1,1,1,1,20261212,20261212
686_410125,1,1,1,1,1,1,1,20260413,20260416
687_410130,0,0,0,0,0,1,1,20260614,20261212
688_410132,1,1,1,1,1,1,1,20260413,20260417
689_410133,1,1,1,1,1,1,1,20260413,20260417
690_410135,0,0,0,0,0,1,1,20260614,20261212
691_410136,0,0,0,0,0,1,1,20260312,20260613
692_410146,0,0,0,0,0,1,1,20260312,20260613
693_410147,1,1,1,1,1,0,0,20260312,20260612
69_409129,1,1,1,1,1,1,1,20260614,20261212
694_410148,0,0,0,0,0,1,1,20260614,20261212
695_410149,1,1,1,1,1,0,0,20260615,20261211
696_410152,0,0,0,0,0,1,1,20260312,20260613
697_410153,1,1,1,1,1,0,0,20260312,20260612
698_410154,0,0,0,0,0,1,1,20260614,20261212
699_410155,1,1,1,1,1,0,0,20260615,20261211
700_410157,1,1,1,1,1,1,1,20260413,20260417
701_410158,1,1,1,1,1,1,1,20260614,20261212
702_410164,1,1,1,1,1,1,1,20260312,20260613
703_410165,1,1,1,1,1,1,1,20260614,20261212
70_409132,1,1,1,1,1,1,1,20260312,20260425
704_410168,1,1,1,1,1,1,1,20260312,20260613
705_410169,1,1,1,1,1,1,1,20260614,20261212
706_410171,1,1,1,1,1,1,1,20260413,20260417
707_410172,1,1,1,1,0,0,1,20260312,20260611
708_410173,1,1,1,1,1,1,1,20260402,20260402
709_410174,1,1,1,1,1,1,1,20260519,20260521
710_410179,1,1,1,1,1,0,0,20260312,20260612
711_410180,1,1,1,1,1,0,0,20260312,20260612
712_410183,1,1,1,1,1,0,0,20260312,20260612
713_410185,1,1,1,1,1,0,0,20260312,20260612
71_409133,1,1,1,1,1,1,1,20260426,20260515
714_410186,1,1,1,1,1,0,0,20260312,20260612
715_410189,1,1,1,1,1,0,0,20260312,20260612
716_410191,1,1,1,1,1,1,1,20260407,20260613
717_410193,1,1,1,1,1,0,0,20260312,20260612
718_410196,1,1,1,1,1,1,1,20260312,20260613
719_410197,1,1,1,1,1,1,1,20260614,20261212
720_410199,1,1,1,1,1,1,1,20260312,20260613
721_410201,1,1,1,1,1,1,1,20260312,20260613
722_410203,1,1,1,1,1,0,0,20260312,20260612
723_410205,0,0,0,0,0,1,1,20260314,20260613
72_409134,1,1,1,1,1,1,1,20260517,20260613
724_410206,0,0,0,0,0,1,1,20260614,20261212
725_410208,1,1,1,1,1,0,0,20260312,20260612
726_410210,1,1,1,1,1,1,1,20260312,20260613
727_410212,1,1,1,1,1,0,0,20260312,20260612
728_410214,0,0,0,0,0,1,1,20260312,20260613
729_410215,1,1,1,1,1,0,0,20260312,20260612
730_410217,1,1,1,1,1,1,1,20260407,20260613
731_410219,1,1,1,1,1,1,1,20260407,20260613
732_410221,1,1,1,1,1,1,1,20260407,20260613
733_410223,1,1,1,1,1,1,1,20260407,20260613
73_409135,1,1,1,1,1,1,1,20260614,20261212
734_410225,1,1,1,1,1,1,1,20260407,20260613
735_410227,1,1,1,1,1,1,1,20260407,20260613
736_410230,1,1,1,1,1,1,1,20260407,20260613
737_410232,1,1,1,1,1,1,1,20260407,20260613
738_410234,1,1,1,1,1,1,1,20260407,20260613
739_410235,1,1,1,1,1,0,0,20260312,20260612
740_410237,1,1,1,1,1,1,1,20260312,20260613
7_409045,0,0,0,0,0,1,1,20260614,20261212
741_410240,1,1,1,1,1,1,1,20260312,20260613
742_410242,1,1,1,1,1,1,1,20260312,20260613
743_410243,1,1,1,1,1,1,1,20260614,20261212
74_409137,0,0,0,0,0,1,1,20260312,20260425
744_410245,1,1,1,1,1,1,1,20260312,20260613
745_410247,1,1,1,1,1,1,1,20260312,20260613
746_410248,1,1,1,1,1,1,1,20260614,20261212
747_410250,1,1,1,1,1,1,1,20260312,20260613
748_410251,1,1,1,1,1,1,1,20260614,20261212
749_410253,1,1,1,1,1,1,1,20260312,20260613
750_410254,1,1,1,1,1,1,1,20260614,20261212
751_410256,1,1,1,1,1,1,1,20260312,20260613
752_410257,1,1,1,1,1,1,1,20260614,20261212
753_410258,1,1,1,1,1,0,0,20260312,20260612
75_409138,0,0,0,0,1,1,1,20260426,20260510
754_410260,1,1,1,1,1,1,1,20260614,20261212
755_410261,1,1,1,1,1,1,1,20260312,20260613
756_410263,1,1,1,1,1,0,0,20260312,20260612
757_410265,1,1,1,1,1,1,1,20260312,20260613
758_410266,1,1,1,1,1,1,1,20260614,20261212
759_410268,1,1,1,1,1,1,1,20260312,20260613
760_410269,1,1,1,1,1,1,1,20260614,20261212
761_410271,1,1,1,1,1,1,1,20260312,20260613
762_410272,1,1,1,1,1,1,1,20260614,20261212
763_410274,1,1,1,1,1,1,1,20260312,20260613
76_409139,1,1,1,1,1,1,1,20260516,20260613
764_410275,1,1,1,1,1,1,1,20260614,20261212
765_410277,1,1,1,1,1,1,1,20260312,20260613
766_410278,1,1,1,1,1,1,1,20260614,20261212
767_410280,1,1,1,1,1,1,1,20260312,20260613
768_410281,1,1,1,1,1,1,1,20260614,20261212
769_410283,1,1,1,1,1,1,1,20260312,20260613
770_410284,1,1,1,1,1,1,1,20260614,20261212
771_410285,1,1,1,1,1,1,1,20260312,20260613
772_410286,1,1,1,1,1,0,0,20260312,20260612
773_410287,0,0,0,0,0,1,1,20260312,20260613
77_409140,1,1,1,1,1,1,1,20260614,20261028
774_410288,1,1,1,1,1,0,0,20260312,20260612
775_410289,0,0,0,0,0,1,1,20260312,20260613
776_410290,1,1,1,1,1,0,0,20260312,20260612
777_410291,1,1,1,1,1,1,1,20260312,20260613
778_410292,1,1,1,1,1,1,1,20260312,20260613
779_410293,1,1,1,1,1,0,0,20260312,20260612
780_410294,1,1,1,1,1,1,1,20260312,20260613
781_410295,1,1,1,1,1,1,1,20260312,20260613
782_410296,1,1,1,1,1,0,0,20260312,20260612
783_410297,1,1,1,1,1,0,0,20260312,20260612
78_409143,0,0,0,0,0,1,1,20260312,20260425
784_410298,1,1,1,1,1,1,1,20260312,20260613
785_410299,1,1,1,1,1,0,0,20260312,20260612
786_410300,1,1,1,1,1,1,1,20260312,20260613
787_410301,1,1,1,1,1,0,0,20260312,20260612
788_410302,1,1,1,1,1,1,1,20260312,20260613
789_410303,1,1,1,1,1,0,0,20260312,20260612
790_410304,1,1,1,1,1,1,1,20260312,20260613
791_410305,1,1,1,1,1,0,0,20260312,20260612
792_410306,1,1,1,1,1,1,1,20260312,20260613
793_410307,1,1,1,1,1,0,0,20260312,20260612
79_409144,0,0,0,0,1,1,1,20260426,20260510
794_410308,1,1,1,1,1,0,0,20260312,20260612
795_410309,1,1,1,1,1,1,1,20260312,20260613
796_410310,1,1,1,1,1,1,1,20260312,20260613
797_410311,1,1,1,1,1,1,1,20260312,20260613
798_410312,1,1,1,1,1,0,0,20260312,20260612
799_410313,1,1,1,1,1,1,1,20260312,20260315
800_410314,1,1,1,1,1,1,1,20260316,20260415
801_410315,1,1,1,1,1,1,1,20260416,20260611
802_410316,1,1,1,1,1,1,1,20260612,20260613
803_410317,1,1,1,1,1,1,1,20260413,20260416
80_409145,1,1,1,1,1,1,1,20260516,20260613
804_410318,1,1,1,1,1,1,1,20260413,20260417
805_410319,1,1,1,1,1,1,1,20260413,20260417
806_410320,1,1,1,1,1,1,1,20260413,20260417
807_410321,1,1,1,1,1,1,1,20260413,20260416
808_410322,1,1,1,1,1,1,1,20260413,20260416
809_410323,1,1,1,1,1,1,1,20260413,20260416
810_410324,1,1,1,1,1,1,1,20260413,20260416
811_410325,1,1,1,1,1,1,1,20260414,20260417
812_410326,1,1,1,1,1,1,1,20260413,20260413
813_410327,1,1,1,1,1,1,1,20260414,20260417
81_409146,1,1,1,1,1,1,1,20260614,20261028
814_410328,1,1,1,1,1,1,1,20260414,20260417
815_410329,1,1,1,1,1,1,1,20260413,20260416
816_410330,1,1,1,1,1,1,1,20260413,20260416
817_410331,1,1,1,1,1,1,1,20260414,20260417
818_410333,1,1,1,1,1,1,1,20260312,20260613
819_410334,1,1,1,1,1,1,1,20260404,20260406
820_410335,1,1,1,1,1,1,1,20260614,20261212
821_410336,1,1,1,1,1,0,0,20260312,20260612
822_410337,1,1,1,1,1,0,0,20260615,20261211
823_410338,1,1,1,1,1,1,1,20260312,20260613
82_409148,0,0,0,0,0,1,1,20260312,20260425
824_410339,1,1,1,1,1,1,1,20260614,20261212
825_410342,0,0,0,0,0,1,1,20260312,20260613
826_410343,1,1,1,1,1,0,0,20260312,20260612
827_410344,0,0,0,0,0,1,1,20260614,20261212
828_410345,1,1,1,1,1,0,0,20260615,20261211
829_410348,0,0,0,0,0,1,1,20260312,20260613
830_410349,1,1,1,1,1,0,0,20260312,20260612
831_410350,0,0,0,0,0,1,1,20260614,20261212
832_410351,1,1,1,1,1,0,0,20260615,20261211
833_410353,1,1,1,1,1,1,1,20260312,20260613
83_409149,0,0,0,0,1,1,1,20260426,20260510
834_410354,1,1,1,1,1,1,1,20260614,20261212
835_410356,1,1,1,1,1,1,1,20260312,20260613
836_410357,1,1,1,1,1,1,1,20260614,20261212
837_410358,1,1,1,1,1,1,1,20260312,20260613
838_410359,1,1,1,1,1,1,1,20260614,20261212
839_410360,0,0,0,0,0,1,1,20260312,20260613
840_410361,0,0,0,0,0,1,1,20260614,20261212
8_409046,1,1,1,1,1,1,1,20260312,20261212
841_410362,1,1,1,1,1,0,0,20260615,20261211
842_410365,0,0,0,0,0,1,1,20260312,20260329
843_410366,1,1,1,1,1,0,0,20260312,20260403
84_409150,1,1,1,1,1,1,1,20260516,20260613
844_410367,1,1,1,1,1,1,1,20260404,20260406
845_410368,1,1,1,1,1,0,0,20260407,20260417
846_410369,1,1,1,1,1,1,1,20260411,20260412
847_410370,0,0,0,0,0,1,1,20260418,20260613
848_410371,1,1,1,1,1,0,0,20260420,20260612
849_410372,0,0,0,0,0,1,1,20260614,20261212
850_410374,1,1,1,1,1,1,1,20260312,20260613
851_410375,1,1,1,1,1,1,1,20260614,20261212
852_410377,1,1,1,1,1,1,1,20260312,20260613
853_410378,1,1,1,1,1,1,1,20260614,20261212
85_409151,1,1,1,1,1,1,1,20260614,20261212
854_410380,1,1,1,1,1,1,1,20260312,20260613
855_410381,1,1,1,1,1,1,1,20260614,20261212
856_410382,1,1,1,1,1,0,0,20260312,20260612
857_410383,1,1,1,1,1,0,0,20260615,20261211
858_410386,1,1,1,1,1,1,1,20260312,20260613
859_410387,1,1,1,1,1,1,1,20260614,20261212
860_410389,1,1,1,1,1,1,1,20260312,20260418
861_410390,1,1,1,1,1,1,1,20260419,20260515
862_410391,1,1,1,1,1,1,1,20260516,20260613
863_410392,1,1,1,1,1,1,1,20260614,20261212
86_409154,0,0,0,0,0,1,1,20260312,20260425
864_410395,0,0,0,0,0,1,1,20260312,20260613
865_410396,1,1,1,1,1,0,0,20260312,20260612
866_410397,0,0,0,0,0,1,1,20260614,20261212
867_410398,1,1,1,1,1,0,0,20260615,20261211
868_410401,0,0,0,0,0,1,1,20260312,20260517
869_410402,1,1,1,1,1,0,0,20260312,20260612
870_410403,0,0,0,0,0,1,1,20260523,20260613
871_410404,0,0,0,0,0,1,1,20260614,20261212
872_410405,1,1,1,1,1,0,0,20260615,20261211
873_410409,1,1,1,1,1,1,1,20260312,20260613
87_409155,0,0,0,0,1,1,1,20260426,20260510
874_410410,1,1,1,1,1,1,1,20260614,20261212
875_410414,1,1,1,1,1,1,1,20260312,20260613
876_410415,1,1,1,1,1,1,1,20260614,20261212
877_410422,1,1,1,1,1,1,1,20260312,20260613
878_410423,1,1,1,1,1,1,1,20260614,20261212
879_410425,1,1,1,1,1,1,1,20260312,20260613
880_410426,1,1,1,1,1,1,1,20260614,20261212
881_410428,1,1,1,1,1,1,1,20260312,20260613
882_410429,1,1,1,1,1,1,1,20260614,20261212
883_410431,1,1,1,1,1,1,1,20260312,20260613
88_409156,1,1,1,1,1,1,1,20260516,20260613
884_410432,1,1,1,1,1,1,1,20260614,20261212
885_410434,1,1,1,1,1,0,0,20260312,20260612
886_410435,1,1,1,1,1,0,0,20260615,20261211
887_410437,1,1,1,1,1,0,0,20260312,20260612
888_410438,1,1,1,1,1,0,0,20260615,20261211
889_410440,1,1,1,1,1,1,1,20260312,20260613
890_410441,1,1,1,1,1,1,1,20260614,20261212
891_410445,1,1,1,1,1,0,0,20260312,20261211
892_410451,1,1,1,1,1,0,0,20260312,20260612
893_410452,1,1,1,1,1,0,0,20260615,20261211
89_409157,1,1,1,1,1,1,1,20260614,20261212
894_410454,0,0,0,0,0,1,1,20260312,20260412
895_410455,1,1,1,1,1,0,0,20260312,20260415
896_410456,1,1,1,1,1,1,1,20260416,20260613
897_410457,1,1,1,1,1,1,1,20260614,20261212
898_410460,1,1,1,1,1,1,1,20260312,20260613
899_410461,1,1,1,1,1,1,1,20260614,20261212
900_410463,1,1,1,1,1,0,0,20260312,20260612
901_410464,1,1,1,1,1,0,0,20260615,20261211
902_410466,1,1,1,1,1,0,0,20260312,20260612
903_410467,1,1,1,1,1,0,0,20260615,20261211
90_409159,0,0,0,0,0,1,1,20260312,20260425
904_410469,1,1,1,1,1,1,1,20260312,20260613
905_410470,1,1,1,1,1,1,1,20260614,20261212
906_410474,1,1,1,1,1,0,0,20260312,20260612
907_410475,1,1,1,1,1,0,0,20260615,20261211
908_410482,1,1,1,1,1,0,0,20260312,20260612
909_410483,1,1,1,1,1,0,0,20260615,20261211
910_410485,0,0,0,0,0,1,1,20260312,20260412
911_410486,0,0,0,0,0,1,1,20260418,20260613
912_410488,1,1,1,1,1,0,0,20260312,20260415
913_410489,1,1,1,1,1,0,0,20260416,20260612
91_409160,0,0,0,0,1,1,1,20260426,20260510
914_410490,1,1,1,1,1,1,1,20260614,20261212
915_410491,1,1,1,1,1,1,1,20260312,20261212
916_410493,1,1,1,1,1,0,0,20260312,20260612
917_410494,1,1,1,1,1,0,0,20260615,20261211
918_410496,0,0,0,0,0,1,1,20260312,20260613
919_410497,0,0,0,0,0,1,1,20260614,20261212
920_410499,1,1,1,1,1,0,0,20260312,20260612
921_410500,1,1,1,1,1,0,0,20260615,20261211
922_410502,1,1,1,1,1,1,1,20260312,20260613
923_410503,1,1,1,1,1,1,1,20260614,20261212
92_409161,1,1,1,1,1,1,1,20260516,20260613
924_410505,1,1,1,1,1,1,1,20260312,20260613
925_410506,1,1,1,1,1,1,1,20260614,20261212
926_410508,1,1,1,1,1,1,1,20260312,20260613
927_410509,1,1,1,1,1,1,1,20260614,20261212
928_410511,1,1,1,1,1,1,1,20260312,20260613
929_410512,1,1,1,1,1,1,1,20260614,20261212
930_410515,0,0,0,0,0,1,1,20260312,20260613
931_410516,1,1,1,1,1,0,0,20260312,20260612
932_410517,1,1,1,1,1,1,1,20260614,20261212
933_410519,1,1,1,1,1,0,0,20260312,20260612
93_409162,1,1,1,1,1,1,1,20260614,20261028
934_410520,1,1,1,1,1,0,0,20260615,20261211
935_410522,1,1,1,1,1,1,1,20260312,20260613
936_410523,1,1,1,1,1,1,1,20260614,20261212
937_410525,1,1,1,1,1,0,0,20260312,20260612
938_410526,1,1,1,1,1,0,0,20260615,20261211
939_410528,0,0,0,0,0,1,1,20260312,20260613
940_410529,0,0,0,0,0,1,1,20260614,20261212
9_409048,1,1,1,1,1,1,1,20260312,20260613
941_410531,1,1,1,1,1,0,0,20260312,20260612
942_410532,1,1,1,1,1,0,0,20260615,20261211
943_410534,1,1,1,1,1,1,1,20260312,20260613
94_409165,0,0,0,0,0,1,1,20260312,20260425
944_410535,1,1,1,1,1,1,1,20260614,20261212
945_410537,1,1,1,1,1,1,1,20260312,20260613
946_410538,1,1,1,1,1,1,1,20260614,20261212
947_410540,1,1,1,1,1,1,1,20260312,20260613
948_410541,1,1,1,1,1,1,1,20260614,20261212
949_410543,1,1,1,1,1,1,1,20260312,20260613
950_410544,1,1,1,1,1,1,1,20260614,20261212
951_410546,1,1,1,1,1,1,1,20260312,20260314
952_410547,1,1,1,1,1,1,1,20260315,20260613
953_410548,1,1,1,1,1,1,1,20260614,20261212
95_409166,0,0,0,0,1,1,1,20260426,20260510
954_410550,1,1,1,1,1,1,1,20260312,20260313
955_410551,1,1,1,1,1,0,0,20260316,20260612
956_410552,1,1,1,1,1,0,0,20260615,20261211
957_410555,0,0,0,0,0,1,1,20260312,20260314
958_410556,1,1,1,1,1,0,0,20260312,20260612
959_410557,0,0,0,0,0,1,1,20260315,20260613
960_410558,0,0,0,0,0,1,1,20260614,20261212
961_410559,1,1,1,1,1,0,0,20260615,20261211
962_410563,1,1,1,1,1,1,1,20260312,20261212
963_410564,1,1,1,1,1,1,1,20260312,20261212
96_409167,1,1,1,1,1,1,1,20260516,20260613
964_410566,1,1,1,1,1,1,1,20260312,20260613
965_410567,1,1,1,1,1,1,1,20260614,20261212
966_410569,1,1,1,1,1,1,1,20260312,20260613
967_410570,1,1,1,1,1,1,1,20260614,20261212
968_410571,1,1,1,1,1,1,1,20260312,20260613
969_410572,1,1,1,1,1,1,1,20260614,20261212
970_410574,1,1,1,1,1,1,1,20260312,20260613
971_410575,1,1,1,1,1,1,1,20260614,20261212
972_410577,1,1,1,1,1,1,1,20260312,20260613
973_410578,1,1,1,1,1,1,1,20260614,20261212
97_409168,1,1,1,1,1,1,1,20260614,20261028
974_410579,1,1,1,1,1,1,1,20260312,20261212
975_410580,1,1,1,1,1,1,1,20260312,20260613
976_410581,1,1,1,1,1,1,1,20260614,20261212
977_410582,1,1,1,1,1,1,1,20260312,20261212
978_410583,1,1,1,1,1,1,1,20260329,20260329
979_410584,1,1,1,1,1,1,1,20260312,20261212
980_410585,1,1,1,1,1,1,1,20260312,20261212
981_410587,1,1,1,1,1,1,1,20260312,20260613
982_410588,1,1,1,1,1,1,1,20260614,20261212
983_410590,1,1,1,1,1,1,1,20260312,20260613
98_409170,1,1,1,1,1,1,1,20260312,20260425
984_410591,1,1,1,1,1,1,1,20260614,20261212
985_410592,1,1,1,1,1,1,1,20260312,20260613
986_410593,1,1,1,1,1,1,1,20260614,20261212
987_410595,1,1,1,1,1,1,1,20260312,20260613
988_410596,1,1,1,1,1,1,1,20260614,20261212
989_410597,1,1,1,1,1,1,1,20260312,20261212
990_410599,1,1,1,1,1,1,1,20260312,20260613
991_410600,1,1,1,1,1,1,1,20260614,20261212
992_410603,1,1,1,1,1,1,1,20260312,20260430
993_410604,1,1,1,1,1,1,1,20260501,20260613
99_409171,1,1,1,1,1,1,1,20260426,20260515
994_410605,1,1,1,1,1,1,1,20260614,20261212
995_410607,1,1,1,1,1,1,1,20260312,20261212
996_410608,1,1,1,1,1,1,1,20260413,20260417
997_410610,1,1,1,1,1,1,1,20260312,20261212
998_410611,1,1,1,1,1,1,1,20260312,20261212
999_410612,1,1,1,1,1,1,1,20260413,20260417
